YDL179W	-0.69	-0.96	-1.16	-0.66	-0.55	0.12	-1.07	-1.22	0.82	1.46	1.4	0.71	0.68	0.11		0.19	0.82
YLR079W	-0.3	-0.56	-0.29	-0.5	-0.27	-0.29	-0.56	-1.04	0.32	1.57	0.9	0.45	0.17		-0.12	-0.16	0.67
YER111C	-0.21	0.19	0.86	0.04	-0.35	-0.39	-0.51	-0.2	0	0.92	0.77	0.41	0.14	-0.45	-1.23		
YBR200W	0.07	0.26	-0.47	-0.68	-0.63	-0.39	0.07	0.79	0.58	0.44	0.31	-0.14	-0.29		-0.2	-0.06	0.36
YJL194W	-0.89	0.77	-0.25	-0.71	-0.33	0.05	-0.15	-0.42	0.68	0.88	-0.06	0.17	-0.15	0.07		-0.23	0.58
YLR274W	-0.18	0.14	-0.04	-0.76	-0.68	-0.53	-0.37	0.19	0.81	0.97	0.56	0.03	-0.26		-0.41	0.09	0.45
YBR202W	-1.17	0.09	-0.52	-1.04	-1.16	-0.83	0.17	0.93	0.89	1.04	0.52	-0.24	-0.46		0.2	0.91	0.68
YPR019W	-0.42	-0.57	0.08	-0.44	-0.36	-0.18	-0.15	0.56	0.63	0.97	0.48	-0.67	-0.45		-0.02	-0.05	0.6
YBL023C	-1.04	0.13	0.51	-0.44	-0.88	-0.32	0.21	0.95	1.07	0.47	0.38	0.01	-0.13	-0.78	-0.13		
YEL032W	-0.16	0.35	-0.13	-0.26	-0.4	-0.47	0.1	0.74	0.45	0.59	0.04	-0.3	-0.3		-0.59	0.14	0.2
YGR044C	0.54	-0.73	-1.33	-1.02	-0.6	0	-0.58	-1.05	0.01	1.33	1.34	1	0.39	0.21		-0.22	0.71
YML109W	-0.45	-0.1	1.04	0.44	0.07	0.27	0.17	-0.33	-0.37	0.31	0.41	0.17	0.04		-0.24	-0.67	-0.76
YJL157C	-1.18	-1.02	-1.74	-1.69	-0.82	-0.19	-0.31	0.72	0.76	1.75	1.43	0.44	0		0.22	0.47	1.16
YKL185W	-0.29	-0.86	-1.21	-0.86	-0.54	-0.51	-0.92	-0.34	0.78	2	1.35	0.46	0.23		-0.51	0.16	1.05
YHR005C	-0.15	0.32	0.23	-0.76	-1.16	-0.9	-0.23	0.28	0.45	0.99	0.99	0.2	-0.28	-0.53		0	0.54
YNR001C		-1.03	-1.19	-0.75	-0.2	-0.67	-0.41	-0.13	0.48	1.05	0.87	0.54	0.41		0.26	0.24	0.54
YKL150W	-0.23	-0.8	-1.19	-0.47	-0.05	-0.2	-0.26	-0.49	0.39	0.8	0.5	0.45	0.19		0.16	0.6	0.62
YLR395C	0.05	-0.61	-0.48	-0.86	-0.37	-0.2	-0.02	-0.45	0.01	0.79	0.29	0.24	0.04		0.14	0.7	0.75
YOR065W	0.36	-0.67	-1.36	-0.72	-0.47	-0.3	-0.83	-0.46	0.21	0.89	0.57	0.5	0.26		0.35	1.03	0.64
YDL181W	-0.39	-0.59	-0.54	-1.08	-0.63	0.12	-0.05	-0.8	-0.01	1.42	0.49	0.41	-0.06		0.12	0.5	1.09
YGR183C	-0.05	-0.65	-0.71	-0.28	-0.25	-0.37	0	0.06	0.17	1.07	0.5	0		-0.19	0.34	0.09	0.27
YLR258W	0.75	-0.54	-0.97	-0.61	-0.45	-0.08	-0.06	-0.09	-0.52	0.41	1.04	0.63	0.32		0.21	-0.03	-0.01
YML110C	0.32	0.32	0.11	-0.52	-1.32	-0.85	-0.36	-0.36	0.11	0.88	0.68	0.32	0.09	0.02		0.25	0.31
YLR273C	0.78	0.45	0.26	-0.22	-0.38	-0.32	-0.55	-0.24	0.63	1.12	0.9	-0.01	-0.24	-1.5	-0.4	-0.52	0.24
YCR005C	0.43	-0.38	-1.12	-0.92	-1.15	-1.19	-0.49	0.62	0.84	0.64	0.67	1.01	0.95		0.38	-0.21	-0.08
YCL040W	1.03	-0.4	-1.25	-0.8	-0.42	-0.94	-1.11	-0.49	-0.19	0.73	1.05	0.78	0.27		0.36	0.28	1.1
YMR256C	-0.17	-0.51	-0.7	-0.47	-0.07	-0.19	-0.12	-0.17	0.2	0.61	0.45	-0.07	0		0.3	0.24	0.66
YIL009W	-0.02	0.5	-0.25	-0.85	-0.93	-0.62	-1.02	-0.98	0.28	0.96	1	0.75	0.38	0.05		0.01	0.76
YLL040C	0.28	0.45	-1.18	-0.85	-0.33	0.03	-0.09	-0.27	0.24	0.81	0.5	0.31	0.35	-0.23	-0.01		
YNR016C	-0.26	0.24	0.61	0.34	0.57	-0.09	-0.13	-0.34	-0.46	0.41	0.19		-0.42	-0.17	-0.29	-0.05	-0.14
YBR067C	1.48	1.43	0.98	0.49	-0.13	-0.55	-0.63	-0.21	-0.07	0.01	-0.41	-0.76	-1.03		-0.63	-0.42	0.44
YPL058C		-2.62	-2.18	-1.57	-1.31	-0.45	0.27	1.2	1.55	0.98	0.79	0.24	0.8	0.45		0.59	1.26
YGL055W	0.27	0.71	1.37	1.19	0.79	-0.15	-0.77	-1.15	-0.97	0.11	-0.05	-0.53	-0.66		-0.18	-0.24	0.25
YBR083W	-0.93	-0.93	-0.6	-0.62	-0.4	-0.32	-0.63	-0.65	0.07	1.52	1.07	0.37	0.07		0.18	0.72	1.08
YBR054W	1.13	0.62	-0.07	-1.29	-1.89	-2.56	-1.01	0.69	1.03	1.72	1.12	0.44	-0.1	-0.93		0.21	0.9
YKL116C	-0.31	-0.12	-0.15	-0.53	-0.15	-0.44	-0.85	-0.33	0.55	1.25	0.67	0.56	0.17	-0.2	-0.14		
YPR002W	0.93	-0.28	-0.2	0.11	-0.33	-0.78	-0.85	0.17	0.92	1.23	0.73	0.48	0.33	-0.54	-0.39	-0.89	-0.63
YNR067C	-0.46	-1.19	-2.23	-1.76	-0.72	0.23	-0.63	-0.95	0.39	2.21	2.07	1.43	0.87	0.58	0.16		
YBR158W	-0.72	-0.22	-1.09	-0.95	-0.34	-0.13	0.03	-0.26	-0.01	1.28	1.12	0.6	0.04	0.07		0.01	0.57
YDL117W	-0.6	-0.14	-0.2	-0.64	-0.59	0.02	0.07	-0.4	0.31	1.01	0.74	0.19	0.01	-0.23		0.15	0.29
YGR035C	-0.85	-1.42	-1.6	-0.79	-0.09	0.12	0.58	1.07	1.37	0.88	0.37	-0.08	-0.09	0.07	0.46		
YHL026C	0.11	0.33	-0.36	-1.02	-0.38	-0.4	0.11	0.77	1.45	0.9	0.14	-0.36	-1.29	-0.55	-0.17	0.23	0.49
YMR007W	-0.26	0.33	-0.38	-0.13	0	-0.47	-0.39	0.19	0.51	1.15	0.29	-0.24	-0.58	-0.02		0.16	-0.16
YMR254C	-0.11	-0.53	-1.13	-0.65	-0.35	-0.87	0.27	0.53	1.33	0.65	0.13	-0.19	-0.25	0.2	0.06	0.27	0.67
YNL046W	-0.26	-0.75	-0.76	-0.44	-0.45	-0.2	-0.53	-0.72	-0.04	1.46	1.1	0.78	0.14	0.01		0.14	0.52
YOR264W	-0.57	-0.95	-1.83	-1.13	-0.36	0.08	-0.72	-0.99	0.5	2.23	1.65	0.93	0.44	0.23	-0.21	-0.23	0.94
YPL066W	-0.63	-0.88	0.06	-0.12	-0.36	0.02	-0.12	-0.08	0.05	0.77	0.85	0.41	0.2		-0.07	-0.35	0.24
YBR052C	0.81	-0.25	-0.86	-0.77	-0.57	-0.85	-0.74	-0.3	0.03	0.93	0.54	0.53	0.26	0.12		0.08	1.03
YPL158C	0.21	-0.34	-0.78	-0.49	-0.12	0.14	-0.63	-0.57	0.66	1.71	1.13	0.06	0.07	-0.36		-0.71	
YHR022C	1.08	0.09	-0.51	-0.87	-1.25	-0.87	-0.6	-0.32	0.17	0.77	0.53	0.37	0.56	0	-0.15	0.26	0.74
YPL004C	-0.04	-1.24	-1.53	-0.7	-0.38	-0.28	-0.43	-0.17	0.45	1.08	0.64	0.59	0.31	0.19		0.69	0.82
YBR157C	0.39	0.34	-0.45	-0.38	-0.55	-0.45	-1.22	0.02	0.89	1.08	0.89	0.31	0.22	-1.05	-0.55	-0.1	0.6
YNL078W	-0.27	-0.76	-1.4	-1.22	-0.69	-0.23	-0.28	-0.21	0.44	1.34	1.14	0.75	0.21	-0.1		0.44	0.83
YOR066W	0.05	0.49	-0.35	-1.06	-0.36	-0.55	-0.46	0.46	0.68	0.96	0.71	0.5	-0.27	-0.45	-0.35		
YMR031C	-0.24	0.07	-1.37	-1.88	-0.53	-0.49	0.48	0.5	1.53	1.29	0.35	0.28	0.13	-0.28	0.16		
YBR053C	1.22	0.43	-0.96	-1.32	-1.03	-1.01	-0.83	-0.05	0.31	0.87	0.86	0.74	0.54	0.01	0.22		
YDR511W	1	0.25	-0.37	-0.35	-0.64	-0.17	-1.08	-0.68	-0.07	0.75	0.47	0.25	-0.2	0.15		0.29	0.42
YLR254C	-0.02	0.3	-0.04	-0.02	-0.71	-0.76	-0.1	1.08	0.41	0.49	0.29	-0.48	-1	-0.41		0.43	0.54
YDR033W	-0.48	-0.86	-0.85	-0.96	-0.84	-0.75	0.25	0.02	-0.27	1.3	0.6	0.22		0.35	0.72	0.59	0.95
YKL163W	0.95	0.15	-0.54	-0.25	-1.09	-0.87	-0.63	-0.59	-0.29	0.72	0.75	0.35	0.37		0.24	0.18	0.55
YBR231C	0.28	-0.1	0.38	-0.21	-0.14	-0.44	-0.29	-0.11	0	0.57	0.32	0.19	-0.23	-0.1		-0.52	0.4
YDR368W	0.59	-0.01	-0.03	-0.27	-0.43	-0.52	-0.82	-0.38	0.11	0.22	0.49	0.72	0.21		-0.17	0.04	0.25
YLR050C	0.14	0.02	0.26	-0.03	-0.32	-0.33	-0.57	-0.27	-0.62	0.6	0.62	0.39		0.31	0.25	-0.14	-0.31
YLR049C	-1.16	-0.57	0.34	-0.35	-0.55	-0.31	-1.04	-1.14	0.08	1.61	1.45	1.02	0.58	0.26	-0.2		
YOR273C	0.16	-0.96	-1.36	-1.41	-0.76	-0.53	-0.18	0.57	1.02	1.17	0.22	0.17	-0.21	0.07		1.16	0.87
YLR015W	0.21	0.48	-0.18	-0.27	-0.38	-0.11	0	0.21	0.27	-0.28	-0.41	-0.05	0.06	0.06		0.21	0.16
YGR109C	-0.21	0.72	1.89	0.63	-0.87	-0.75	-0.49	-1.2	-0.95	0.96	1.14	0.56	-0.06	-0.03		-0.85	-0.49
YPR120C	-0.33	0.16	1.32	0.43	-0.1	-0.2	-0.59	-0.32	-0.63	0.78	0.91	-0.13	-0.12	-0.1		-0.6	-0.47
YDL127W		0.86	1.14	-0.11	-0.32	-0.26	-0.84	-1.11	-0.24	0.61	1.23	0.54	0.02		-0.66	-0.47	-0.41
YNL289W		0.83	1.67	1.49	0.19	-0.22	-0.62	-1.49	-1.81	0.12	1.05	0.83	0.27	-0.06		-1.08	-1.17
YPL256C		0.85	1.47	0.54	0.03	-0.15	-0.28	-0.5	-1.57	-0.18	0.52	0.86		-0.1	-0.39	-0.05	-1.05
YMR199W		0.21	0.57	0.53	0.14	0.16	-0.34	-0.66	-1.49	0.35	1.05	0.62		0.25	-0.23	-0.56	-0.59
YJL187C	-1.04	-0.28	1.22	1.05	0.56	0.05	-0.48	-0.74	-0.88	0.28	0.86	0.81	0.41	-0.05		-0.78	-0.99
YDL003W		0.23	1.45	0.84	0	-0.4	-0.77	-1.1	-1.47	0.67	1.27	0.96		0.05	-0.32	-0.86	-0.56
YMR076C	-1.08	-0.16	1.3	0.99	0.43	0.05	-0.34	-0.72	-1.24	0.72	0.92	0.8		0.06	-0.24	-0.66	-0.83
YKL042W	-1.31	-0.3	1	0.38	-0.13	-0.01	-0.7	-0.81	-0.81	0.53	1.1	0.69	0.33	0.27	-0.21		
YFL008W	-0.55	0.15	1.1	0.75	0.02	-0.56	-0.52	-0.68	-0.53	0.33	0.83	0.52	0.34		-0.26	-0.5	-0.45
YPL241C	-1.22	-0.64	1.08	0.84	0.09	-0.04	-0.19	-0.55	-0.5	0.32	0.99	0.43	0.43		0	-1.14	0.09
YMR078C	-0.52	0.28	0.99	0.69	0.02	-0.13	-0.42	-0.76	-0.57	0.37	0.66	0.76	0.33		-0.43	-0.57	-0.7
YLR212C	-1.3	-0.1	0.74	0.28	-0.23	-0.28	-0.47	-0.12	0.17	0.45	0.96	0.72	0.34	-0.23		-0.55	-0.36
YNL225C	-1.22	-0.11	0.29	0.04	-0.11	-0.31	-0.17	-0.43	-0.15	0.05	0.44	0.76	0.27	0.43	0.21		
YPL209C	-0.38	-0.11	1.21	1.04	0.46	0.41	-0.29	-0.75	-0.5	0.12	0.16	0.08	-0.03	0.26	-0.08	-0.88	-0.72
YJL074C	-0.68	0.02	1.16	0.6	-0.32	-0.03	-0.85	-0.85	-0.32	0.26	1.22	1.26	0.52	-0.14	-0.12	-1.12	-0.62
YNL233W	-0.24	0.41	1.19	0.45	-0.22	-0.27	-0.53	-0.54	-0.27	-0.08	0.66	0.57	-0.01	-0.33		-0.26	-0.53
YLR313C	-0.31	0.73	2.04	1.22	0.34	-0.27	-0.7	-1.7	-0.54	-0.33	1.04	0.7	0.79	-0.38	-1.11	-0.64	-0.88
YGR041W	-0.29	-0.06	0.65	-0.14	-0.38	-0.06	-0.55	-0.87	-0.48	0.43	1.01	0.92	0.67	0.17	-0.48	-0.55	-0.01
YGR152C	-0.45	0.3	1.12	0.77	-0.15	-0.34	-0.4	-0.8	-0.39	0.33	0.71	0.74	0.07		-0.26	-0.53	-0.72
YDR507C	-1.11	-0.29	0.93	0.46	0.42	0.14	-0.57	-0.74	-0.55	0.32	0.99	0.89	0.12		-0.26	-0.66	-0.08
YLR286C	-0.06	0.91	-0.37	-1.16	-1.01	-0.31	-0.41	-0.95	-1.41	1.01	1.67	1.03		0.76	0.52	-0.19	-0.06
YIL159W	-0.47	0.54	0.91	0.35	0.2	0.15	0.04	-0.07	0.11	0.05	0.51	0.12	-0.27	-0.33	-0.31	-0.91	-0.62
YGL027C	-0.3	-0.43	0.38	0.48	0.25	-0.13	-0.2	-0.24	-0.41	0.32	0.45	0.46	0.25		-0.18	-0.41	-0.28
YML102W	-0.4	0.29	1.47	0.79	-0.09	-0.48	-0.73	-0.79	-0.41	0.95	0.63	0.38	-0.24	0.1		-0.56	-0.89
YPR018W	0.63	0.87	2	1.05	-0.77	-0.46	-1.82	-1.86	-0.1	0.94	0.92	-0.01	0.17	-0.75	-0.82		
YBL035C	-0.52	0.75	1.63	0.29	-0.06	-0.36	-0.5	-0.9	-0.65	0.86	1.06	0.59	0.16		-0.54	-0.88	-0.94
YNL102W	-0.55	0.04	1.49	1.14	0.17	-0.31	-0.95	-1.48	-0.74	0.18	1.14	0.81	0.57	0.14		-1.11	-0.54
YBR278W	-0.2	0.14	0.73	0.3	-0.28	-0.12	-0.27	-0.22	-0.25	0.15	0.24	0.07	0		-0.06	-0.17	-0.08
YPR175W	-0.02	0.76	1.43	0.5	-0.2	-0.43	-0.35	-0.73	-0.51	0.8	0.89	-0.2	0.07		-0.6	-1.06	-0.36
YNL262W	-0.22	-0.27	0.49	0.4	0.03	-0.29	-0.42	-0.57	-0.23	0.74	0.75	0.41	0.33		-0.37	-0.52	-0.27
YBR088C	-0.5	0.11	1.16	0.72	0.3	-0.45	-0.68	-0.98	-1.04	0.83	1	0.88		-0.06	-0.14	-0.77	-0.39
YLR103C	-0.74	0.32	1.62	0.88	0.46	-0.15	-0.44	-1.19	-0.9	0.6	0.85	0.77	0.24		-0.44	-1	-0.87
YAR007C	-0.65	0.01	1.52	0.48	-0.34	-0.71	-0.58	-0.94	-0.6	0.78	0.97	0.88	0.61		-0.36	-0.71	-0.33
YNL312W	-0.27	0.12	1.2	0.84	0.33	-0.19	-0.68	-0.99	-0.64	0.41	0.8		0.3	0.05	-0.29	-0.42	-0.56
YJL173C	-0.64	-0.42	0.58	0.66	0.52	-0.02	-0.42	-0.68	-0.44	0.49	0.29	0.51		0.23	-0.12	-0.22	-0.32
YER070W		0.88	1.6	0.75	0.04	-0.47	-1.15	-1.6	-1.66	0.3	0.92	0.95	0.68	0.2		-0.74	-0.7
YOR074C	-0.49	0.51	1.41	1.23	0.28	-0.35	-1.16	-1.38	-1.16	-0.51	1.03	1.25	1.06	-0.38	-0.65	-0.24	-0.44
YDL164C	-0.64	0.08	1.27	0.57	-0.34	-0.48	-0.64	-0.97	-0.61	0.89	1.13	0.66	0.23		-0.32	-0.5	-0.33
YKL045W	-0.6	0.09	1.29	0.72	-0.23	0.09	-0.2	-0.57	-0.32	-0.14	0.07	0.43	0.23		-0.28	-0.27	-0.31
YLR032W	0.23	0.11	1.08	0.36	-0.07	-0.33	-0.39	-0.19	-0.57	0.52	0.83	0.28	-0.32		-0.25	-0.7	-0.6
YML060W	-0.36	0.41	1.48	0.92	0.48	0.14	-0.13	-0.43	-0.68	-0.12	0.72	0.53	0.25	-0.36		-1.34	-1.52
YDR097C	-0.62	-0.43	1.38	0.79	0.19	-0.28	-0.62	-0.93	-0.83	0.5	1.12	1.09	0.32	0.04		-1.16	-0.57
YNL082W	-0.6	0.19	0.84	0.21	-0.39	-1.04	-1.43	-1.64	-0.26	0.82	1.31	1.23	0.55	0.39	-0.2		
YOL090W	-0.43	-0.06	0.72	0.35	-0.02	-0.59	-0.48	-0.98	-0.54	0.21	1.16	1.06	0.45	0.44		-0.92	-0.36
YLR383W	-0.05	-0.18	1.34	0.81	0.56	-0.19	-0.12	-1.06	-0.74	0.18	0.62	0.69	-0.07	0.15		-0.89	-1.05
YKL113C	-0.98	0.07	1.44	1.14	0.47	-0.41	-0.83	-1.05	-0.56	0.66	0.76	1.02	0.5		-0.57	-0.94	-0.71
YLR234W	-0.16	-0.54	1.09	0.51	-0.12	-0.41	-0.36	-0.52	-0.23	0.52	0.24	0.47	0.34	-0.16	-0.14	0	-0.52
YPL153C	-0.54	0.49	1.87	0.86	-0.02	-0.27	-1.5	-1.54	-1.09	0.24	0.91	0.9	0.3	-0.12	-0.48		
YDL101C	-0.72	-0.26	0.59	0.33	0.01	0.02	0	-0.11	-0.28	-0.14	0.55	0.25	0.18		-0.01	0.08	-0.49
YHR038W	0.42	0.2	-0.17	-0.57	-0.35	-0.5	-0.17	-0.17	0.26	0.44	0.52	0.27	-0.22	0.07		0.04	-0.07
YML021C	-0.41	0.11	0.71	0.72	-0.03	-0.21	-0.38	-0.29	-0.62	0.16	0.73	0.56	0.2		-0.1	-0.52	-0.62
YML061C	0.11	0.18	1.02	0.61	0.16	0.13	-0.21	-0.22	-0.71	-0.03	0.53	0.12	-0.06		-0.01	-0.79	-0.83
YMR179W	-0.67	0.4	1.44	0.24	-1.26	0.03	-0.24	-0.77	-0.73	0.88	1.62	0.7	-0.01		-0.28	-0.85	-0.5
YML027W		0.83	1.54	0.39	-0.27	0.09	-0.51	-1.06	-1.5	0.76	1.35	0.6	0.04		-0.32	-0.93	-1.02
YPL127C	-1.55	-1.15	0.86	0.88	0.9	0.66	-0.09	-0.46	-1.09	-0.44	0.21	0.77	0.43		0.27	0.36	-0.57
YGL089C	-1.45	0.43	0.04	-0.76	-1.66	-0.88	-1.7	-1.39	-0.32	1.13	1.25	1.11		0.71	0.92	1.07	1.51
YPL187W	0.4	0.56	0.88	-0.01	-1.05	-0.7	-1.17	-0.25	0.33		-2.19	0.42	0.26	0.38	0.29	0.81	1.05
YDL227C		-0.99	1.71	0.42	-1.64	-0.71	-0.87	-1.24	-1.55	1.05	2.16	1.75	0.85	0.76	-0.2	-0.99	-0.52
YNL173C	1.22	0.09	-1.93	-1.16	-0.3	-0.47	-0.76	-1.09	0.1	0.7	1.12	1	0.42	0.13	0	0.28	0.64
YLL021W	-0.95	-0.38	0.67	0.45	0.66	0.39	0.23	-0.46	-0.5	-0.15	0.28	0.17	0.36		0.05	-0.28	-0.54
YLR382C	0.51	0.35	0.84	-0.14	-0.22	-0.07	-0.14	-0.61	-0.59	-0.08	0.63	0.5	0.36	-1.2		-0.01	-0.11
YJL196C	0.05	0.05	0.86	0.46	-0.6	-0.62	-0.92	-0.86	-0.35	0.31	0.65	0.19	0.16	0.12		0.22	0.27
YJR148W	0.09	0.03	0.39	-0.2	-0.63	-1.09	-0.97	-0.53	0.11	0.88	0.34	0.52		0.11	0.12	0.25	0.59
YOR317W	0.38	-0.72	-0.85	-0.53	-0.71	-0.61	-0.62	-0.2	0.35	0.63	0.79	0.59	0.41		0.29	0.3	0.49
YKL165C	0.24	0.37	0.65	0.51	-0.03	-0.46	-0.55	-1.04	-0.56	-0.03	0.44	0.47	0.3	0.04		-0.2	-0.15
YLL002W	-1.07	-0.45	1.03	0.48	-0.11	-0.27	-1.29	-0.44	-0.1	0.69	0.79	0.92	0.24	-0.22	-0.19		
YPL124W	-0.88	-1.15	1.09	0.4	0.44	0.45	-0.2	-0.72	-0.71	0.27	0.87	0.86	0.46		-0.21	-0.74	-0.25
YKL101W	-1.5	-0.87	0.8	0.66	0.51	0.03	-0.12	-0.85	-0.72	0.29	0.89	1.09		0.21	0.11	-0.33	-0.21
YLR457C	0.33	0.38	1.06	0.08	-0.63	-0.18	-0.01	-0.46	-0.16	-0.13	0.56	0.47	0.08	-0.9		-0.36	-0.11
YDR297W	-1.31	-0.27	0.4	0.78	0.67	0.41	0.07	0	-0.11	-0.59	0.35	0.26		0.08	-0.22	-0.3	-0.21
YBR070C	-0.22	0.69	1.86	1.05	-0.04	-0.28	-0.86	-1.25	-0.58	0.44	0.39	0.53	0.15	-0.34		-0.84	-0.69
YLR233C	-0.06	-0.11	1.07	0.34	-0.19	0.02	-0.31	-0.16	-0.28	0.07	0.57	0.16	-0.01		-0.13	-0.62	-0.35
YBR073W	-0.23	-0.05	0.86	0.19	0.57	-0.3	-0.08	-0.42	-0.48	0.33	0.53	0.54		-0.21	-0.32	-0.49	-0.44
YGL200C	-0.39	-0.16	0.47	0.11	0.11	-0.16	-0.46	-0.51	-0.34	0.32	0.24	0.36	0.18		0.02	0.26	-0.03
YHR153C	-1.3	-0.2	1.65	0.78	-0.78	-0.2	-0.65	-1.52	-0.86	0.54	1.55	1.74	0.73	0.06	-0.11	-0.86	-0.58
YNL272C	-0.47	-0.57	0.44	0.28	-0.12	-0.22	-0.09	-0.48	0.04	0.06	0.59	0.35	0.44		0.07	-0.22	-0.11
YOR316C	0.05	-0.48	-0.35	-0.35	-0.32	-0.14	-0.09	-0.17	-0.01	0.68	0.39	0.44	-0.24		0.16	0.18	0.26
YKR077W		0.68	0.73	-0.46	-0.66	-0.16	-1.03	-1.25	-0.69	1.44	1.48	0.62	0.07	0.06		-0.69	-0.16
YDL105W	0.23	-0.15	0.85	0.16	0.26	-0.34	-0.4	-0.47	-0.68	0.91	0.7	0.68	-0.04	-0.29	-0.5	-0.8	-0.11
YPL267W		0.82	1.94	0.88	-0.81	-0.3	-0.95	-1.77	-1.2	0.68	1.37	0.91	0.33	-0.06		-1.35	-0.49
YDL156W	-0.03	-0.37	1.27	0.42	-0.26	-0.67	-1.01	-0.55	-0.13	0.7	0.82	0.7	0.22	0.01	-0.45	-0.42	-0.26
YOL017W	-0.09	-0.45	1.26	0.31	-0.3	-0.11	-0.51	-0.82	-0.62	0.56	1.16	0.74	0.47	-0.07	-0.42	-0.82	-0.3
YBR071W	-0.27	0.6	1.1	-0.22	-0.07	-0.34	-0.75	-1.33	-0.64	1.17	1.1	0.52	-0.12		-0.43	-0.42	0.09
YLL022C	-0.34	-0.25	1.1	0.77	0.24	-0.5	-0.34	-0.38	-0.7	0.39	0.53	0.34	0.15	0.03		-0.49	-0.55
YLR236C	0.15	0.02	1.26	0.9	-0.02	-0.41	-0.59	-0.86	-0.7	0.72	0.58	0.23	0.23	-0.2	-0.06	-0.43	-0.83
YCL022C	-0.09	-0.42	1.24	0.46	-0.34	-0.48	-0.5	-1.03	-0.62	1.32	1.55	1.3	0.48	-0.3	-0.59	-1.68	-0.3
YCL024W	-0.39	0.25	1.31	0.34	-0.39	-0.29	-0.39	-0.67	-0.51	0.38	1.35	1.12	0.89	-0.86	-0.48	-1.07	-0.58
YLR121C	0.05	0.19	1.15	0.69	0.13	0.23	0.04	-0.65	-1.25	-0.06	0.83	0.59	-0.36	-0.22		-0.61	-0.75
YHR154W	-0.89	-0.2	1.26	0.42	-0.16	0.01	-0.54	-1.16	-0.68	-0.18	0.78	0.94	0.51	0.09	-0.2		
YHR110W	0.18	-0.05	0.71	0.74	-0.47	-0.23	-0.87	-1.38	-0.34	0.47	0.95	0.8	0.08	0.17		-0.37	-0.38
YDL010W	-0.19	-0.75	0.87	0.59	0.26	-0.36	-0.45	-0.55	-0.34	0.35	0.55	0.63	0.4	-0.12		-0.54	-0.34
YPR174C	0.12	0.55	1.55	0.6	-0.84	-0.43	-0.79	-0.39	-0.53	-0.35	0.54	0.61	0.2	-0.42	-0.43		
YJL181W	-0.81	0.09	0.92	0.27	-0.16	-0.05	-0.61	-0.73	-0.53	0.4	1.17	0.58	-0.01	0.27		-0.58	-0.24
YLR183C	-1.73	-0.35	1.66	1.19	0.28	-0.31	-0.61	-1.65	-1.35	0.12	1.4	0.96	0.66	0.18	-0.46		
YOL007C	-0.59	0.75	1.64	1.32	0.3	-0.16	-0.67	-1.28	-1.39	-0.11	0.95	0.9	0.47	-0.08		-0.96	-1.08
YIL026C	-0.14	0.22	1.36	0.63	0.3	0.32	-0.52	-0.99	-0.97	0.1	0.67	0.63	0.29	0.02		-1.17	-0.76
YJR043C	-0.54	0.08	0.89	0.74	0.3	0.3	0.22	0.05	-0.22	-1.15	0.11	0.26	0.23	-0.05		-0.83	-0.39
YKL108W	0.19	0.91	1.96	1.01	-0.65	-0.05	-0.49	-0.87	-0.21	-1.09	0.2	1	0.62	0.05	-0.93	-0.95	-0.68
YLR326W	0.16	-0.64	0.9	0.84	0.49	0.21	-0.6		-0.87	-0.56	0.58	0.43	0.03	0.07	-1.03		
YLR381W	-0.1	0.14	1.05	0.5	0.14	0.34	0.13	-0.62	-0.72	-0.37	0.72	0.48	0.18	-0.82	-0.26	-0.35	-0.45
YNL273W	-0.65	0.22	1.21	0.2	-0.28	-0.33	-0.58	-0.78	-0.21	0.74	0.82	0.9	0.21	-0.28		-0.45	-0.73
YPL014W	0.3	-0.84	0.58	-0.14	-0.58	-0.26	-0.7	-0.95	-0.12	0.54	1.17	0.55	0.73	-0.03	-0.14	-0.33	0.25
YJL018W	-0.01	-0.33	0.99	0.47	0.09	-0.05	-0.23	-0.85	-0.29	-0.13	0.43	0.4	0.46	0.13	-0.6	-0.25	-0.23
YBR089W	-0.76	0	1.24	0.79	0.2	-0.49	-0.67	-0.94	-1	0.78	1.06	1.02	0.55	-0.11		-1.13	-0.54
YLR349W	-1.17	-0.73	0.1	0.27	-0.03	-0.28	-0.17	0.13	0.22	0.45	1.1	0.46	0.25	0.03		-0.33	-0.32
YCL061C	-0.46	-0.67	0.75	0.68	0.26	-0.26	-0.3	-0.32	-0.2	0.01	0.98	1.03	0.74	-0.32	-0.69	-1.16	-0.08
YDR309C	-0.87	0.84	0.03	-0.32	-0.44	-0.16	-0.54	-0.65	-0.32	0.45	1.13	0.64	-0.12	0.36		-0.07	0.04
YKR013W	-0.11	0.26	1.63	1.44	0.25	-0.06	-0.78	-0.83	-1.63	0.07	0.94		0.13	0.4	-0.11	-0.7	-0.9
YJL078C	-0.2	0.09	-0.49	-0.16	-0.18	-0.03	-0.51	-0.65	-0.31	0.68	1.11	0.79	0.78	-0.03	-0.34	-0.4	-0.14
YKL161C	-0.63	-1.59	-1.08	-0.49	-0.5	-0.18	0.21	-0.17	0.07	0.89	1.36	1.04	0.89	0.21	-0.06		
YDL018C	-0.27	0.43	1.29	0.78	-0.64	-0.37	-0.81	-1.18	-0.72	0.41	0.74	0.57	0.47	0.02		-0.36	-0.37
YKR083C	-0.9	-0.09	0.36	0.2	0.1	-0.39	-0.59	-0.09	-0.3	0.76	0.41	0.53	-0.04	-0.07		0.04	0.06
YDR383C	0.29	-0.38	0.37	0.37	-0.33	-0.19	-1.15	-0.51	-0.25	0.21	0.55	0.64	0.21	0.29	-0.12		
YDR013W	-0.32	-0.19	0.93	0.66	-0.27	0.03	-0.25	-0.24	-0.01	0.25	0.31	0.14	0.08	-0.24		-0.7	-0.18
YGR238C	0.3	0.05	0.87	0.23	0.28	0.4	-0.25	-0.4	-0.53	0.12	0.2	0.36	0.08	-0.07	-0.8	-0.5	-0.31
YHR113W	0.44	0.3	0.06	-0.02	-1.26	-0.6	-0.21	-0.5	0.21	0.37	0.73	0.5	0.4	-0.26	0.24	-0.11	-0.28
YDL119C	0.71	-0.64	-0.91	-0.6	-0.17	-0.14	-0.2	-0.22	-0.14	0.14	0.69	0.92	0.33	0.02		-0.09	0.3
YDL124W	1.13	0.69	-0.29	-0.48	-0.04	-0.37	-0.62	-0.28	-0.23	0.21	0.24	0.12	-0.05	-0.38		0.07	0.29
YHR039C	-0.31	-1.27	-0.99	-0.36	-0.4	-0.21	0.11	0.04	0.22	0.71	0.87	0.5	0.56	0.04		0.05	0.43
YDR493W	0.6	0.3	-0.54	-0.77	-0.51	-0.3	-0.42	-0.14	-0.03	0.11	0.5	0.24	-0.31	0.26		0.18	0.83
YNL309W	-0.11	0.54	1.42	0.78	-0.64	-0.67	-0.84		-0.17	0.51	0.73	0.61	0.22	-0.35	-0.91	-0.17	-0.94
YPL208W	-0.32	-0.21	1.11	0.84	-0.14	-0.09	-0.37	-0.59	-0.4	0.11	0.44	0.25	0.04	0.08		-0.39	-0.36
YLR376C	-0.42	0.16	0.87	0.47	0.22	0.07	-0.24	-0.74	-0.45	0.25	0.24	0.18	-0.06	-0.05		-0.24	-0.27
YNL300W	-0.96	-0.27	1.89	1.61	0.82	0.44	-0.19	-1	-1.54	-0.21	0.88	-0.21	0.5	0.34		-1.22	-0.89
YAR003W	-0.14	0.21	0.84	0.19	-0.26	-0.1	-0.03	-0.09	0	-0.48	0.25	0.29	0.55	-0.42		-0.25	-0.56
YCL060C	0.06	-0.17	0.96	0.78	-0.03	-0.72	-0.83	-0.4	-0.22	-0.01	0.83	0.83	0.75	-0.24	-0.37	-1.03	-0.22
YDL103C	-0.49	0.24	0.79	0.24	-0.06	-0.09	-0.28	-0.33	-0.34	0.17	0.37	0.31	-0.09		-0.4	0.01	-0.05
YGL028C	-0.17	-0.03	-1.27	-0.78	-0.5	-0.53	-0.33	-0.86	-1.17	1.5	1.97	1.46	1.34	0.14	-0.41	-0.7	0.33
YNL303W	-0.35	0.14	0.87	0.33	-0.2	-0.44	-0.49	-0.44	-0.36	0.43	0.67	0.34	-0.1	0.06		-0.21	-0.24
YNL310C	0.35	0.13	0.8	0.31	-0.31	-0.31	-0.46	-0.51	-0.2	0.04	0.36	0.39	-0.08	-0.29		0.01	-0.22
YOR144C	-0.39	0.42	0.81	0.21	0.02	-0.15	-0.36	-0.38	-0.3	0.28	0.48	0.52	-0.06	-0.39		-0.14	-0.55
YDR113C	-0.89	-0.31	0.69	0.87	1.17	0.79	-0.29	-0.58	-1	-0.75	0.2	0.69	0.61		0.06	-0.51	-0.74
YNL126W	-0.17	-0.12	0.23	0.57	0.61	0.8	0.36	-0.38	-0.77	-1.51	-0.54	-0.06	0.56	0.4	0		
YEL061C	-0.84	-0.48	0.45	0.83	0.97	0.75	0.39	-0.03	-0.94	-1.46	-0.48	0.06	0.74	0.68	0.16	-0.35	-0.44
YHR172W	-0.36	0.18	0.86	0.88	0.53	0.72	0.21	-0.5	-0.55	-0.47	-0.11	-0.01	0.46	0.28	-0.39	-0.58	-1.15
YPR141C	-0.53	-0.82	0.63	1.24	0.96	0.89	0.2	-0.38	-0.92	-1.05	-0.52	-0.29	0.38	0.25	-0.03		
YLR045C	-1.28	-1.24	0.06	0.33	1	0.65	0.46	0	-0.35	-0.87	-0.01	0.21	0.56		0.5	0.09	-0.1
YGR140W	-0.44	-0.25	0.85	0.63	0.68	0.71	0.19	-0.34	-0.58	-0.5	-0.14	0.14	0.4		-0.23	-0.34	-0.78
YBL063W	-0.86	-1.26	0.17	0.56	1.23	0.66	0.31	-0.34	-0.28	-1.46	-0.14	0.56	0.76	0.43		-0.01	-0.33
YDR488C	-0.87	-0.14	0.4	0.68	-0.2	0.18	-0.32	-1.03	-0.22	-0.08	0.34	0.64	0.6	0.43	-0.43		
YMR198W	-1.28	-0.55	-1.61	-0.15	0.44	0.5	0.27	0.53	0.35	-0.22	-0.31	0.16	0.74	0.32		0.7	0.12
YOR026W	-1.27	0.04	1.01	0.35	0.23	-0.03	-0.01	0.03	-0.18	0	0.32	0.58	-0.11		-0.21	-0.24	-0.51
YDR356W	-0.97	-0.66	0.08	0.43	0.86	0.91	-0.23	-0.48	-0.39	-0.55	0.27	0.6	0.64	0.38		-0.39	-0.47
YIL140W	-0.36	-0.47	1.46	1.21	0.43	0.13	-0.67	-1.12	-1.37	-0.38	0.7	0.99	0.76	0.07		-0.68	-0.7
YKL067W	-0.14	-0.39	0.17	0.54	0.33	-0.69	-0.99	-1.46	-0.3	0.49	0.26	0.89	0.5		0.03	0.33	0.42
YJR006W	-0.22	-0.28	0.9	0.53	0.24	0.29	0.15	-0.16	-0.02	-0.56	-1.42	0.54	0.35	0.14		-0.32	-0.17
YMR190C	-0.19	-1.04	-0.36	0.12	1.06	1.1	0.9	0.22	0.02		-0.5	-0.15	0.37	0.22	-0.52	0.04	-1.31
YJL115W	0.23	0.59	1.9	1.32	-0.19	-0.34	-0.87	-1.31	-0.13	-1.53	-1.53	1.23	1	0.29		-0.6	-0.05
YDL197C	0.11	-0.18	0.94	0.73	0.3	0.02	-0.51	-0.54	-0.49	0.1	0.44	0.47	0.06		-0.35	-0.77	-0.32
YCR065W	-1.04	-0.02	0.76	0.59	0.31	0.04	-0.35	-0.12	-0.48	0.08	0.5	0.55	0.45	-0.07		-0.6	-0.6
YPL016W	-1.3	-1.02	0.2	0.52	0.87	0.81	0.49	0.44	0.21	-0.6	-0.07	-0.49	0.34	0.22		-0.57	-0.04
YBL052C	-0.36	-0.93	-0.97	-0.06	0.61	0.21	0.59	0.45	0.18	-0.39	-0.48	0.13	0.46	0.26	0.3		
YBR275C	-0.46	-0.09	0.67	0.45	0.6	-0.14	-0.33	-0.05	-0.48	0.34	0.47	0.48	0.24		-0.43	-0.85	-0.44
YIL126W	-1.2	-0.37	-0.25	-0.26	0.36	0.73	0.27	0.27	0.34	-0.1	-0.21	0.13	0.4	0.09		-0.05	-0.15
YFR037C	-0.4	-0.04	0.32	0.42	0.09	0	0.09	0	-0.1	-0.4	-0.26	0.04	0.35	-0.01		0.06	-0.16
YAR008W	-1.04	0.29	1.45	0.67	-0.06	-0.5	-0.49	-0.83	-0.41	0.32	0.7	0.59	0.85	0.09		-1.01	-0.61
YER001W	-1.05	0.22	0.82	0.7	0.76	0.16	-0.07	-0.49	-1	-0.84	0.17	0.5	0.54		0.04	-0.06	-0.4
YER003C	-0.93	-0.41	0.68	0.8	0.68	0.07	0.12	-0.13	-0.6	-0.32	0.16	0.45		0.34	-0.19	-0.13	-0.6
YDL093W	-0.05	-0.69	0.61	0.79	0.52	0.05	0.09	-0.11	-0.12	-0.21	0.2	0.4	0.12		-0.3	-0.48	-0.82
YIR017C	-0.76	-1.43	-0.2	1.12	1.56	1.27	-0.22	-0.79	-0.67	-0.76	-0.02	0.37	0.21	0.11	0.09	0	0.11
YKR001C	-0.55	-0.42	-0.08	0.24	0.27	0.19	0.07	-0.35	-0.05	-0.35	0.22	0.22	0.36		0.07	0.03	0.12
YDL095W	-0.02	-0.31	0.29	0.42	0.2	-0.19	-0.21	-0.37	-0.3	0.17	0.36	0.44	0.16		0.02	-0.19	-0.47
YNL073W	0.44	-0.23	-0.5	-0.47	-0.96	-0.73	-0.33	-0.62	0.18	0.68	0.71	0.8	0.5	0.22		-0.11	0.42
YER118C	-0.99	-0.25	0.43	0.5	0.26	0.05	-0.34	-0.16	-0.39	-0.46	0.13	0.59	0.81		-0.11	0.07	-0.14
YJR137C	-1.12	-0.91	-0.78	0.25	1.36	0.78	0.35	-0.05	-0.44	-0.45	-0.37	0	0.34	0.14		0.34	0.56
YER017C	0.1	0.15	-0.06	-0.21	0.3	-0.37	0.01	-0.04	0.03	0.23	0.19	0.15	0.09		-0.64	-0.07	0.12
YER016W	-0.37	-0.25	0.28	0.98	0.39	0.08	0.01	-0.05	-0.71	0.14	0.13	0.21	0.08		-0.36	-0.21	-0.34
YCR035C	0.01	-0.67	-0.36	-0.1	0.4	0.08	0.51	0.2	0.19	-0.42	-0.26	0.11	0.18	0.03		-0.22	0.33
YOL019W	-0.97	-0.72	0.11	0.36	0.22	0.07	-0.28	-0.61	-0.27	0.52	0.51	0.69	0.33	-0.01		0.03	0.03
YLR151C	0.42	-0.79	1.26	0.59	0.08	-0.52	-0.21	-0.84	-0.59	0.09	-0.21	0.62	0.37	-0.04	-0.23		
YOR284W	0.33	0.25	1.37	0.88	0.03	-0.06	-0.39	-0.68	-0.85	-0.21	0.35	0.3	-0.06	-0.37	-0.9		
YMR048W	0.46	-0.05	1.86	0.36	-1.03	-0.93	-0.6	-1.25	-0.6	0.27	0.74	0.89	0.62	0.26	-0.48	-0.35	-0.19
YKR010C	-0.44	-0.13	0.04	0.49	1.1	0.52	0.54	-0.29	-0.45	-0.66	-0.85	-0.45	0.5	0.49		-0.18	-0.23
YHR061C	-0.1	-0.72	0.03	0.28	0.54	0.85	0.43	-0.57	-0.44	-0.82	0.12	0.36	0.45	0.54	0.56	-0.1	-1.44
YEL017W	-0.38	-0.19	-0.02	0.5	0.81	0.37	-0.59	-0.12	-0.21	-0.36	-0.9	-0.05	0.83	0.6	-0.44	0.29	-0.15
YLL062C	-0.82	-0.54	-0.68	0.81	1.29	0.95	-0.09	-0.72	-0.54	-0.1	-0.21	0.25	0.17	-0.28		0	0.52
YJR155W	0	0.44	0.94	0.53	0.13	-0.47	-1.03	-0.61	-0.39	-0.03	0.21	0.43	0.04	0.01	-0.19		
YLR126C	0.31	0.09	1	0.57	0.15	-0.66	-0.35	-1.09	-0.34	-0.29	-0.41	0.36	0.41	0.1		0.02	0.1
YJL118W	-0.98	-1.09	-0.05	0.57	0.47	0.47	-0.16	-0.11	-0.22	-0.17	0.2	0.32	0.35	0.49	-0.11		
YDR179C	-0.07	0.06	0.07	0.71	0.61	0.71	0.36	0.05	-0.26	-1	-0.75	-0.14	-0.06	0.38		-0.31	-0.38
YDR219C	-0.64	-0.95	-1.17	0.47	0.32	0.81	0	0.24	0.36	-0.77	-0.3	0.27	0.47	0.52	0.36		
YNL176C	-0.43	-0.84	-1.22	0.05	0.63	0.57	0.54	0.29	0.21	-0.86	-0.11	0.16	0.62	0.14	0.25		
YER018C	-0.48	-0.42	0.34	0.65	1	0.33	0.05	0.02	-0.54	-0.36	-0.52	-0.07	0.02	0.08	-0.09		
YBR156C	-0.35	-0.36	0.09	0.39	0.86	0.58	0.23	0.25	-0.2	-0.12	-0.21	0.13	0.31	-0.16		-0.82	-0.61
YLR455W	-0.53	-0.25	-0.99	0.33	0.63	0.44	-0.05	0.34	-0.36	-0.38	-0.1	0.11	0.33	0.55		0.11	-0.16
YBR184W	1.37	0.72	-0.26	0.79	0.99	0.48	0.13	0.23	-0.19	-1.41	-0.95	0.13	0.48	-0.85	-0.33	-0.37	-0.95
YLR228C	0.36	-0.01	0.3	0.59	0.84	0.26	-0.35	0.36	0.15	0.18	-1.16	-0.06	0.13	-0.66	-0.68	0.01	-0.26
YDR252W	0.63	-0.09	-0.51	0.12	0.66	0.32	-0.16	0.29	-0.08	-1.42	-0.45	-0.01	0.17	0.24		0.34	-0.04
YNL304W	-0.95	-0.12	0.53	0.06	0.19	-0.32	0.18	0.05	-0.41	0.02	0.39	0.7	0.02	-0.01	-0.32		
YGR189C	0.06	-0.04	0.87	0.39	0.2	-0.1	-0.17	-0.5	-0.52	0.51	0.21	0.16		-0.24	-0.74	-0.19	0.1
YBR007C	-0.44	-0.2	0.58	0.33	0.63	0.48	0.17	0.01	-0.28	-0.49	-0.05	0.17	0.23	-0.33		-0.25	-0.56
YBR276C	-0.16	0.25	0.22	0.25	0.04	-0.25	0.02	0.07	-0.01	-0.04	0.31	0.17	0.08	-0.29		-0.39	-0.26
YCRX04W	-0.48	0.18	-0.14	-0.17	0.07	0.24	0.51	0.26	0.04	-0.42	-0.3	-0.27	0.04	0.1		0.39	-0.06
YDL096C	0.4	-0.28	0.53	0.72	-0.16	-0.12	-0.94	-0.01	0.06		0.74	1.1	1.18	-0.28	-1.63	-0.74	-0.57
YEL018W	-0.24	0.14	0.25	0.35	0.54	0.27	-0.14	0.08	-0.34	-0.43	-0.6	-0.23	0.21	0.48	-0.35		
YER019W	-0.13	-0.21	0.71	0.86	0.4	0.02	0.07	-0.13	-0.52	-0.1	-0.19	-0.23	0.36	0.12		-0.46	-0.57
YFR026C	0.85	0.97	1.31	0.28	0.24	-0.3	-0.8	-0.58	-0.61	0.2	0.24	0.35	-0.14	-0.11	-0.84	-0.51	-0.54
YFR027W	-0.21	0.68	1.66	1.03	-0.07	-0.21	-0.51	-0.94	-0.62	0.68	0.75	0.56	-0.01	-0.15	-0.84	-0.71	-1.09
YFR038W	-0.47	0.26	0.7	0.55	0.29	-0.09	0.22	0.07	0.07	-0.9	0.31	0.39	0.02	-0.3	-0.11	-0.47	-0.55
YKL066W	-0.11	-0.72	-0.11	0.51	0.44	-0.24	-0.36	-1.12	-0.57	1.06	0.26	0.62	-0.52	0.08		0.42	0.36
YLL061W	-0.6	-0.46	-0.04	1.14	1.58	0.77	-0.21	-0.58	-0.23	-0.21	-0.71	-0.27	0.08	-0.6	-0.32	0.23	0.43
YNL072W	-0.86	0.21	0.75	0.19	0.04	-0.59	-0.59	-1.18	-0.16	0.99	0.68	0.91	0.23	0.14	-0.06	-0.2	-0.5
YIL050W	-0.79	-1.04	-0.49	-0.12	0.61	0.77	0.34	0.12	0.12	-0.51	-0.35	0.15	0.22	0.37	0.29	0.17	0.14
YIL106W	-1.14	-0.7	-0.88	-0.73	-0.14	0.51	0.94	0.79	1.09	0.27	0.15	-0.23	-0.4	0.16		0.21	0.12
YBL097W	-1.01	-0.48	-0.41	-0.44	0.63	0.54	0.56	0.32	-0.01	-0.09	-0.21	-0.01	0.17	0.41	0.24	-0.34	0.14
YKL049C	-0.67	-0.7	0.19	0.35	0.55	0.28	0.07	-0.06	-0.3	-0.25	-0.09	0.12	0.26		0.36	0.08	-0.19
YCL014W	-0.84	-0.88	-1.13	-0.37	0.47	0.78	1.21	1.38	0.78	-1.32	-0.57	-0.57	0.02	0.52	0.41	-0.27	0.35
YOR188W	-0.41	0.11	0.38	0.49	0.62	0.93	0.58	0.28	-0.4	-0.48	-0.55	0.05	0.03	-0.04		-0.64	-0.95
YJR076C	-0.37	-0.56	-0.12	0.16	0.38	0.5	0.28	0.38	-0.17	-0.57	-0.11	-0.27		0.51	0.39	-0.1	-0.31
YJL099W	0.24	-1.03	-0.57	0	-0.06	0.86	0.82	0.1	0.17	-0.05	-0.8	-0.26	-0.01	0.58		0.14	-0.11
YKL048C	-0.33	-0.79	-0.57	0.13	0.37	0.54	0.37	-0.13	-0.02	-0.73	-0.43	0.01	0.53	0.54		0.28	0.25
YBR038W	-0.98	-1.49	-0.83	-0.56	-0.38	0.09	1.23	1.23	1.25	0.34	0.01	-0.57	0.01	-0.25		0.66	0.25
YJL092W	-0.83	-0.66	0.08	0.6	0.84	1.02	0.4	0.06	-0.33	-0.33	-0.33	-0.01	0.15		0.16	-0.29	-0.52
YCR084C	-0.48	0.06	-0.01	0.31	0.37	0.27	0.35	0.31	-0.19	-0.18	-0.27	-0.23	0.15		0.18	-0.24	-0.41
YGL255W	-0.79	-0.28	-0.53	-0.22	-0.04	0.24	0.62	0.36	0.19	-0.26	-0.69	-0.5	0.06		0.62	0.87	0.36
YLR014C	-0.16	1.09	0.2	-0.22	-0.61	-0.39	0.15	0.29	0.13	-0.09	-0.11	-0.32	-0.08	-0.12	0.23		
YJL137C	-0.2	-0.31	-1.25	0.05	0.63	0.73	0.31	0.44	0.05	-0.22	-0.33	-0.27	0.08	0.26		0.16	-0.13
YOR274W	0.51	0.35	0.02	-0.43	-0.37	0.01	0.33	0.57	0.49	-0.16	-0.38	-0.38	-0.22		-0.2	-0.36	0.21
YBR104W	-0.89	0.07	0.42	-0.12	-0.31	-0.26	0.27	0.16	-0.1	-0.29	-0.13	-0.06	0.14		0.51	0.46	0.12
YJR112W	-0.96	-0.85	0.06	0.65	0.61	0.36	0.13	-0.32	-0.16	-0.31	-0.37	0.09	0.37		0.52	0.32	-0.14
YCR073C	-0.92	-0.47	-0.04	-0.09	0.06	0.77	0.8	0.12	-0.09	-0.02	-0.04	-0.11	-0.07	-0.06		0.24	-0.11
YDL198C	-0.74	-0.74	-0.75	-0.23	0.04	0.08	0.04	-0.16	-0.2	-0.18	0.01	0.15	0.32		0.72	0.96	0.67
YLL046C	0.96	0.63	0.31	0.17	0.45	0.69	0.32	0.02	-0.42	-0.67	-1.49	-0.78	-0.1	0.17		-0.01	-0.25
YDR389W	-0.25	0.11	-0.45	-0.94	0.2	0.75	0.57	0.02	-0.06	-0.32	0.06	-0.32	-0.5		0.33	0.64	0.16
YDR464W	-0.03	0.52	-0.33	0.13	0.57	0.62	0.04	0.12	-0.1	-0.52	-0.45	-0.21	-0.09		0.07	0.09	-0.42
YKL068W	-0.29	0.12	-0.1	0.11	0.21	0.38	0.36	0.85	-0.04	-0.43	0.16	-0.36	-0.12		0.29	-0.54	-0.6
YIL131C	-1.41	-1.11	-1.04	0.28	1.26	1.34	0.72	0.36	0.28	-0.6	-0.9	-0.22	0.32	0.49	0.24		
YDR451C	-1.47	-0.29	-0.44	-0.08	0.85	1.26	0.13	-0.15	-0.45	-1.15	-0.49	-0.1	0.53	1.14	0.71		
YCR085W	-0.74	-0.03	-0.58	0.21	1.01	1.1	0.8	0.42	-0.26	-0.79	-0.67	-0.58	-0.18	0.58	0.34	0.16	-0.79
YMR003W	-0.74	-0.86	-0.49	0.78	1.11	1.12	0.68	0.04	-0.52	-1.14	-0.68	-0.07	0.3		0.63	0.14	-0.29
YNR009W	-2.44	-1.26	-0.27	0.39	0.89	0.89	0.45	-0.09	-0.41	-0.6	-0.01	0.61	0.71	0.86	0.29		
YOR073W	-0.8	-1.32	-0.53	0.48	0.79	0.8	0.36	0.29	-0.01	-0.97	-0.82	0.1	0.55	0.72	0.35		
YMR215W	-0.65	-0.69	-0.68	-0.05	0.75	0.88	0.79	0.17	-0.44	-0.53	-0.29	-0.32	0.22		0.55	0.47	-0.15
YLL047W	0.88	0.93	0.24	0.01	0.07	0.64	0.49	-0.24	-0.38	-0.62	-0.76	-0.93	-0.45	-0.04	0.16		
YDR366C	-0.18	0.73	0.27	0.02	-0.15	0.59	0.75	-0.53	-0.09	-0.43	-0.95	-0.82	-0.35	0.56	0.52	0.38	-0.32
YIL158W	-1.94	-1.77	-0.93	-0.51	0.51	0.82	0.94	0.81	0.6	0.11	-0.1	-0.39	-0.32	0.6		0.87	0.7
YGL101W	-0.97	-0.52	-0.62	0.12	0.18	0.22	0.54	0.17	-0.04	-0.72	-0.24	0.17	0.45	0.64		0.61	0.01
YJR110W	-0.42	-0.48	-0.87	0.22	0.35	0.86	0.46	0.34	0.01	-1.15	-0.06	-0.2	0.25	0.3	0.39		
YOL012C	-1.37	-1.15	-0.77	0.02	0.64	0.3	0.34	0.08	-0.1	0.07	0.06	0.37	0.25	0.68		0.73	-0.14
YBL032W	-0.7	-0.36	-0.56	-0.3	0.76	0.2	0.68	0.4	-0.01	-0.15	-0.44	-0.11	0.17	0.32		0.2	-0.09
YBR043C	-0.45	-0.24	-0.22	-0.15	0.25	0.07	0.52	0.33	-0.01	-0.19	-0.55	-0.4	0.06	0.16		0.48	0.36
YCL012W	-1.04	-0.76	-1.53	-0.33	0.47	0.59	0.92	1.13	0.84	0.52	-0.55	-0.55	0.17	-0.12	0.17	0.03	0.01
YCL013W	-1.01	-0.47	-1.01	-0.28	0.31	0.89	1.24	1.54	0.89	-1.01	-0.21	-0.69	0.61	-0.95	0.1	-0.14	0.18
YCL062W	-0.64	-0.47	-0.95	0.18	0.6	0.46	0.6	0.64	0.46	-0.39	-0.6	-0.33	0.26	0.13		0.19	-0.12
YCL063W	-0.74	-0.29	-0.68	0	0.74	0.6	0.7	1.02	0.43	-0.99	-0.57	-0.36	0.32	-0.15	-0.05		
YCR086W	-0.29	0.05	0.25	0.28	0.3	0.73	0.26	-0.02	-0.32	-0.25	-0.83	-0.58	0.15	0.48		0.33	-0.53
YDR324C	-0.97	0.46	0.01	-0.4	-0.45	0.39	0.56	0.16	0.26	-0.09	-0.26	-0.31	-0.23	0.24		0.35	0.27
YDR325W	-0.56	0.16	-0.16	0.01	0.2	0.59	0.33	-0.13	-0.08	-0.6	-0.59	-0.33	0.05	0.59		0.56	-0.04
YIL169C	-0.9	-1.97	0.03	0.76	0.87	0.53	0.54	0.12	0.15	-0.31	-0.35	-0.29	0.21	0.24	0.37		
YKL052C	-0.6	-0.55	0.01	0.61	0.77	0.6	0.42	0.12	0.05	-0.76	-0.26	-0.13	0.05	0.16		-0.1	-0.37
YKL053W	-0.62	-0.37	0.21	0.68	0.52	0.12	0.03	-0.41	-0.03	-0.22	-0.27	-0.09	0.18	0.21		0.16	-0.09
YKL069W	-0.17	0.24	-0.03	0.36	0.61	0.41	0.13	0.22	-0.23	-0.38	-0.56	-0.24	-0.03	0.36		-0.09	-0.59
YPL116W	-0.29	-0.6	-0.09	0.29	0.65	0.7	0.17	-0.01	-0.28	0.07	-0.45	-0.3	-0.14	0.27		0.49	-0.48
YPL264C	-0.15	-0.76	-0.27	0.46	0.44	0.55	-0.2	-0.08	-0.27	-0.79	-0.62	-0.1	0.24	0.43	0.41	0.63	0.07
YGR108W	-1.86	-0.52	-0.98	-0.95	-0.26	0.69	1.13	0.92	0.86	-0.17	-0.41	-0.51	-0.27	0.6		0.92	0.8
YPR119W	-1.35	-0.57	-0.95	-0.7	0.14	0.57	1.06	1.24	0.84	0.01	-0.35	-0.64	-0.11	0.18	0.63		
YAL040C	-0.05	-0.15	-0.58	-0.58	0.18	-0.67	0.29	0.2	0.02	1.32	0.27		-0.41	-0.05	0.17	0.14	-0.11
YGL116W	-1.08	-1.04	-0.83	-0.86	-0.67	0	1.07	1.53	1.23	0.17	-0.08	-0.58	-0.45	-0.38	0.44	0.61	0.9
YOL069W	-1.13		-2.2	-0.39	-0.35	0.85	1.03	1.12	0.72	-0.62	-0.24	-1.2	0.45	0.45	0.59	0.2	0.71
YGR092W	-0.89	-0.67	-0.64	-0.8	-0.32	0.09	0.62	0.83	0.85	0.39	0.09	0	-0.32		-0.12	0.45	0.45
YBR138C	-0.5	-0.89	-1.33	-0.75	-0.32	0.19	0.84	1.22	1.03	0.16	-0.23	-0.38	0.15	0.15	0.66		
YOR058C	-0.09	0.06	-1.06	-0.17	-0.28	0.44	0.9	0.8	0.73	-0.21	-0.44	-1.25	-0.09	-0.1		0.24	0.52
YHR023W	-0.93	-1.29	-1.01	-0.99	-0.15	0.44	1.04	0.9	0.56	0.38	0.02	-0.23	-0.36		0.45	0.52	0.67
YPL242C	-0.71	-0.49	-0.67	-0.53	0.35	0.38	0.63	0.79	0.36	0	-0.11	-0.23	-0.33	-0.07		0.34	0.31
YJR092W	-1.89	-0.92	-1.05	-1.11	0.66	0.34	0.28	1.21	1.19	0.26	-0.62	-0.15	0.33	0.34		0.71	0.4
YLR353W	-1.12	-0.94	-0.97	-0.31	0.13	0.35	0.56	0.56	0.74	0.28	-0.51	-0.36	0.05		0.52	0.58	0.44
YCL037C	-0.59	-0.08	-0.35	-0.29	0.61	0.19	0.49	0.43	0.17	0.25	-0.35	-0.33	-0.07		-0.12	0.11	-0.08
YMR001C	-1.59	-1.29	-1.54	-0.75	-0.24	0.5	1.08	1.22	0.89	-0.12	-0.24	-0.36	0.32	0.33		0.94	0.86
YGL021W	-1.28	-1.02	-0.76	-0.65	0.02	0.5	0.89	0.8	0.59	-0.13	-0.54	-0.38	-0.03	0.68		0.88	0.41
YCR042C	0.12	0.27	-0.64	-0.99	-0.95	-0.57	0.01	0.81	0.74	0.74	0.4	-0.14	-0.57		0.27	0	0.5
YOR025W	-1.5	-1.69	-1.12	-1.02	-0.44	0.75	1.03	0.93	1.55	0.14	0.07	-0.54	0.46	0.68	0.7		
YOR229W	-0.3	0.07	-0.76	-0.68	-0.59	-0.27	0.52	0.88	0.8	0.83	0.18	-0.53	-0.82	-0.39		0.51	0.56
YDR146C	-1.82	-1.35	-0.65	-0.67	-0.4	0.34	0.57	0.47	0.51	0.34	0.12	-0.25	0.08		0.8	1.27	0.63
YLR131C	-0.92	-1.31	-0.96	-0.42	0.19	0.36	0.63	0.55	0.72	0.51	-0.31	-0.58	0.21		0.29	0.73	0.3
YNL053W	-0.45	-0.34	-0.76	-0.33	0.17	0.53	0.72	0.76	0.43	-0.64	-0.42	-0.17	-0.15		0.12	0.54	-0.01
YKL130C	-0.52	-0.23	-0.63	-0.48	-0.11	0.17	0.3	0.75	0.63	0.09	-0.17	-0.13	-0.38	0.23		0.4	0.07
YIL162W	0.52	-0.47	-1.07	-0.41	-0.04	0.14	0.39	0.74	0.72	0.02	0.21	-0.13	-0.15	-0.34	-0.13		
YDL138W	0.37	0.35	-0.45	-0.76	-0.28	-0.26	0.03	0.41	0.47	0.36	0.05	-0.53	-0.47		0.05	0.46	0.21
YDL048C	0.77	-0.95	-0.8	-0.14	0.53	0.48	0.56	0.77	0.48	-0.35	-0.44	-0.38	-0.55	-1.09		0.4	0.7
YGR143W	-0.27	-0.47	-1.52	-0.83	-1.05	-0.27	0.84	1.02	1.28	0.24	0.15	-0.27	-0.75	-0.47	0.51	0.93	0.91
YKL129C	0.19	-0.31	-0.8	-0.7	0.05	0.06	0.17	0.86	0.35	0.3	0.07	-0.47	-0.49		0.29	0.23	0.21
YIL167W	0.72	-0.15	-1	-1.23	-1.07	-0.32	-0.05	0.34	0.67	0.31	0.19	0.09	-0.01	0.13	0.46	0.25	0.66
YHR152W	-0.54	-0.47	-0.4	-0.28	-0.18	-0.01	0.43	0.64	0.29	0.52	0.12	-0.45		-0.39	0.03	0.21	0.47
YPR167C	-0.63	-0.38	-0.32	0.12	0.74	0.6	0.1	-0.19	-0.51	-0.81	-0.49	-0.26	0.04		0.65	0.71	0.65
YJL079C	0.01	0.43	-0.56	-0.47	-1.11	-1.04	-0.1	1.35	1.42	0.6	0.3	-0.39	-0.89	-1.09		0.52	1.01
YAR018C	-0.4	-0.99	-1.06	-0.75	-0.61	-0.76	0.71	1.49	1.36	0.44	0.26	-0.13	-0.36		-0.11	0.21	0.71
YAL022C	-0.63	-0.66	-0.24	-0.82	-0.84	-0.89	0.57	0.64	0.54	0.66	0.28	-0.01	-0.26	0.11		0.71	0.81
YGR279C	-0.83	-0.33	-0.25	-0.7	-0.57	-0.09	0.27	0.47	0.58	0.82	-0.12	-0.11	0.01	-0.08		0.55	0.38
YGL201C	-0.48	0.34	-0.17	-0.69	-0.96	-0.41	0.38	0.72	0.64	0.64	0.3	0.13	-0.72	-0.17	-0.06	0.19	0.33
YNL057W	-1.06	-1.11	-1.17	-0.99	-0.85	-0.18	0.74	0.71	1.06	0.78	0.47	0.5	0.28	0.16	0.68		
YML119W	-0.81	-1.04	-0.51	-0.74	-1.22	-0.2	0.89	1.04	0.87	0.46	0.17	-0.32	-0.43	0.23		0.88	0.73
YOL137W	-0.08	0.1	-0.64	-0.94	-0.23	-0.02	0.24	0.52	0.68	0.17	-0.02	0	0.03	0.08	0.09		
YPL186C	1.95	0.93	0.04	-0.44	-0.12	0.21	0.32	0.58	-0.02	-1.5	-0.98	-0.56	-0.78	-0.7	-0.38	0.92	0.53
YCL038C	-0.22	-0.47	-0.67	-0.2	-0.32	0.07	0.49	0.69	0.74	0.66	0.11	-0.11	-0.08	-0.98		-0.01	0.31
YML033W	-0.98	-0.65	-1.31	-0.67	0.16	0.18	0.46	1.03	0.5	0.22	-0.37	-0.46	-0.1	0.35		0.9	0.75
YML034W	-1.13	-0.95	-2.36	-0.41	0.09	0.58	0.9	1.35	0.78	-0.19	-0.53	-0.31	0.32	0.45	0.48	0.58	0.37
YKR021W	0.05	-0.18	-0.13	-0.42	-0.72	0.36	0.94	1.09	0.78	-0.16	-1.5	-0.26	-0.09	-0.03	0.28		
YPR157W	0.73	-1.67	-0.56	-0.06	0.02	0.37	1.06	1.21	0.39	-0.13	-0.42	-2.11	-0.83	-0.19	0.7	0.79	0.69
YJL051W	-0.21	-0.63	-1	-0.55	-0.14	0.66	0.83	0.92	0.7	0.53	-0.49	-0.8	-0.51	0.15		0.54	0.02
YOL014W	0.53	-0.22	-1.78	-0.48	-0.26	0	1.03	0.97	0.55	0.04	-0.12	-0.98	-0.14	0.05	0.8		
YOR315W	-1.55	-1.41	-1.02	-1.05	-0.42	0.48	1.04	1.18	0.62	-0.27	-0.44	-0.35	0.14	0.42		1.57	1.05
YGR230W	0.11	0.03	-0.24	-0.45	-0.37	-0.04	0.64	1.17	1.15	0.47	-0.32	-0.6	-1.06	-0.4	-0.08		
YLR190W	-0.79	-1.29	-0.63	-0.91	-0.1	0.22	1.13	1.2	0.74	0.17	-0.15	-0.56	-0.32	-0.11		0.65	0.74
YMR032W	-1.99	-1.73	-1.12	-1.18	-1.02	0.4	1.36	1.98	1.15	0.63	0.06	-0.64	-0.78	0.22	1.02	0.88	0.77
YOL070C	-0.64	-0.76	-0.55	-0.68	-0.66	-0.09	0.26	0.41	0.51	0.63	0.18	0.09	-0.23	0.04		0.98	0.52
YLR297W	-0.01	-0.82	-0.65	-0.43	-0.28	-0.48	0.23	0.58	0.31	0.58	0.15	-0.24	-0.52		0.37	0.57	0.65
YHL028W	-3.12	-4.12	-3.54	-1.54	-0.37	1.48	2.45	2.77	1.81	-1.8	-0.26	-0.73	0.34	0.71	1.48	2.06	2.36
YHR151C	-0.79	-0.56	-0.79	-0.23	-0.53	-0.14	0.61	0.95	0.96	0.26	0.38	-0.11	-0.31	-0.41	0.49	0.08	0.15
YNL058C	-1.16	-1.39	-0.96	-0.91	-0.71	-0.1	0.54	0.61	0.63	0.94	0.25	0.37	-0.33	0.1		1.27	0.87
