5	YPL242C	1	-0.3395	-0.2713	-0.3263	-0.2829	-0.0177	-0.0093	0.0646	0.1122	-0.0167	-0.1249	-0.1590	-0.1944	-0.2242	-0.1459	-0.0895	-0.0231	-0.0318
2	YJL074C	1	-0.9031	-0.6929	-0.3509	-0.5201	-0.7948	-0.7082	-0.9551	-0.9551	-0.7948	-0.6231	-0.3328	-0.3220	-0.5445	-0.7409	-0.7352	-1.0362	-0.8871
1	YDR033W	1	0.4685	0.3527	0.3558	0.3250	0.3608	0.3876	0.6882	0.6189	0.5325	1.0029	0.7936	0.6804	0.4737	0.7171	0.8289	0.7915	0.8999
2	YPL124W	1	-0.5555	-0.6362	0.0373	-0.1710	-0.1575	-0.1546	-0.3509	-0.5068	-0.5035	-0.2090	-0.0275	-0.0329	-0.1517	-0.1771	-0.3532	-0.5134	-0.3672
2	YML061C	1	0.2366	0.2592	0.5113	0.3868	0.2529	0.2442	0.1398	0.1368	-0.0093	0.1935	0.3634	0.2401	0.1856	0.3211	0.1994	-0.0329	-0.0475
2	YPL127C	1	-0.3307	-0.2090	0.3947	0.4008	0.4081	0.3360	0.1098	-0.0010	-0.1912	0.0041	0.1981	0.3674	0.2648	0.3167	0.2190	0.2460	-0.0352
1	YLL040C	1	-0.1960	-0.1459	-0.6362	-0.5375	-0.3818	-0.2713	-0.3072	-0.3625	-0.2074	-0.0385	-0.1318	-0.1880	-0.1771	-0.3509	-0.2849	-0.2140	-0.2713
5	YKL130C	1	-0.1062	-0.0188	-0.1402	-0.0946	0.0152	0.1002	0.1383	0.2741	0.2378	0.0768	-0.0010	0.0102	-0.0638	0.1185	0.1354	0.1692	0.0708
4	YLR014C	1	-0.6362	-0.2600	-0.5270	-0.6542	-0.7701	-0.7031	-0.5409	-0.5002	-0.5482	-0.6146	-0.6187	-0.6828	-0.6103	-0.6231	-0.5167	-0.5518	-0.6187
5	YML034W	1	-0.9551	-0.9031	-1.3261	-0.7409	-0.5899	-0.4426	-0.3440	-0.2107	-0.3818	-0.6731	-0.7760	-0.7082	-0.5201	-0.4812	-0.4720	-0.4426	-0.5035
3	YHR061C	1	-0.9940	-1.1805	-0.9551	-0.8791	-0.8013	-0.7082	-0.8351	-1.1361	-1.0958	-1.2125	-0.9285	-0.8564	-0.8280	-0.8013	-0.7948	-0.9940	-1.3969
3	YIL126W	1	-0.8280	-0.5781	-0.5409	-0.5445	-0.3578	-0.2471	-0.3843	-0.3868	-0.3649	-0.4970	-0.5305	-0.4286	-0.3463	-0.4399	-0.4843	-0.4812	-0.5134
1	YBL023C	1	-0.8492	-0.4970	-0.3818	-0.6684	-0.8013	-0.6317	-0.4720	-0.2507	-0.2123	-0.3944	-0.4206	-0.5339	-0.5743	-0.7701	-0.5743	-0.4812	-0.4151
4	YCR086W	1	-0.3995	-0.2990	-0.2381	-0.2294	-0.2225	-0.0946	-0.2346	-0.3198	-0.4098	-0.3868	-0.5629	-0.4874	-0.2675	-0.1695	-0.2294	-0.2140	-0.4720
5	YGL201C	1	-0.7582	-0.5100	-0.6635	-0.8210	-0.9031	-0.7352	-0.4970	-0.3969	-0.4206	-0.4206	-0.5236	-0.5743	-0.8280	-0.6635	-0.6317	-0.5555	-0.5134
2	YNL289W	1	-0.9197	0.1216	0.3744	0.3230	-0.0698	-0.1944	-0.3135	-0.5743	-0.6731	-0.0895	0.1883	0.1224	-0.0464	-0.1445	-0.2810	-0.4512	-0.4781
2	YML027W	1	-0.4660	0.3152	0.5286	0.1836	-0.0146	0.0945	-0.0883	-0.2526	-0.3843	0.2959	0.4730	0.2483	0.0794	0.1301	-0.0285	-0.2140	-0.2417
2	YDR013W	1	-0.4178	-0.3793	-0.0408	-0.1222	-0.4020	-0.3114	-0.3969	-0.3944	-0.3241	-0.2453	-0.2277	-0.2790	-0.2969	-0.3918	-0.3944	-0.5305	-0.3745
5	YOR058C	1	-0.5859	-0.5409	-0.8791	-0.6103	-0.6451	-0.4286	-0.2889	-0.3198	-0.3395	-0.6231	-0.6929	-0.9370	-0.5859	-0.5899	-0.4812	-0.4874	-0.4046
1	YGR035C	1	-0.5201	-0.6929	-0.7464	-0.5035	-0.2909	-0.2277	-0.0921	0.0557	0.1464	0.0000	-0.1546	-0.2889	-0.2929	-0.2435	-0.1277	-0.0984	-0.0735
1	YML109W	1	-0.3555	-0.2507	0.0912	-0.0895	-0.2008	-0.1388	-0.1710	-0.3198	-0.3307	-0.1277	-0.0971	-0.1695	-0.2074	-0.1976	-0.2929	-0.4232	-0.4483
5	YAR018C	1	-0.3072	-0.4843	-0.5035	-0.4125	-0.3697	-0.4151	0.0297	0.2631	0.2252	-0.0521	-0.1075	-0.2242	-0.2949	-0.5100	-0.2174	-0.1236	0.0288
2	YOR316C	1	-0.1115	-0.2713	-0.2294	-0.2311	-0.2208	-0.1679	-0.1531	-0.1771	-0.1277	0.0785	-0.0082	0.0072	-0.1992	-0.1896	-0.0771	-0.0710	-0.0487
1	YLR274W	1	-0.3072	-0.2090	-0.2638	-0.4812	-0.4571	-0.4098	-0.3625	-0.1944	-0.0082	0.0401	-0.0820	-0.2417	-0.3307	-0.4178	-0.3745	-0.2259	-0.1168
5	YAL022C	1	-0.1277	-0.1374	-0.0103	-0.1849	-0.1927	-0.2074	0.2336	0.2546	0.2245	0.2580	0.1450	0.0584	-0.0167	0.0937	0.2395	0.2752	0.3031
1	YDL179W	1	-0.3601	-0.4426	-0.5002	-0.3509	-0.3177	-0.1168	-0.4751	-0.5201	0.0953	0.2859	0.2703	0.0611	0.0512	-0.1195	-0.2526	-0.0946	0.0937
1	YMR256C	1	0.2586	0.1551	0.0977	0.1665	0.2875	0.2518	0.2736	0.2580	0.3701	0.4932	0.4453	0.2886	0.3097	0.4242	0.4000	0.3800	0.5068
2	YLR349W	1	-0.1115	0.0191	0.2681	0.3201	0.2318	0.1559	0.1896	0.2779	0.3072	0.3757	0.5710	0.3787	0.3137	0.2489	0.2378	0.1413	0.1435
4	YBR038W	1	-0.6588	-0.8145	-0.6146	-0.5339	-0.4781	-0.3373	0.0061	0.0051	0.0102	-0.2638	-0.3625	-0.5375	-0.3601	-0.4399	-0.1649	-0.1664	-0.2889
4	YKL069W	1	0.0081	0.1301	0.0484	0.1665	0.2437	0.1836	0.0977	0.1247	-0.0093	-0.0568	-0.1101	-0.0124	0.0503	0.1665	0.1255	0.0316	-0.1195
4	YBR104W	1	-0.1531	0.1361	0.2419	0.0785	0.0210	0.0354	0.1942	0.1622	0.0828	0.0278	0.0751	0.0953	0.1551	0.1720	0.2681	0.2529	0.1501
2	YER070W	1	-0.7352	0.0734	0.2881	0.0316	-0.1817	-0.3328	-0.5375	-0.6731	-0.6929	-0.1036	0.0828	0.0920	0.0122	-0.1318	-0.3793	-0.4151	-0.4020
2	YJL078C	1	-0.7135	-0.6273	-0.8013	-0.7031	-0.7082	-0.6635	-0.8077	-0.8492	-0.7464	-0.4512	-0.3198	-0.4178	-0.4206	-0.6635	-0.7582	-0.7760	-0.6979
4	YDR451C	1	-0.8564	-0.5002	-0.5445	-0.4370	-0.1560	-0.0340	-0.3745	-0.4571	-0.5482	-0.7582	-0.5591	-0.4426	-0.2545	-0.0698	-0.1992	-0.3418	-0.4098
3	YJR137C	1	-0.4751	-0.4098	-0.3720	-0.0603	0.2719	0.0994	-0.0307	-0.1517	-0.2694	-0.2732	-0.2471	-0.1360	-0.0340	-0.0959	-0.0895	-0.0352	0.0326
3	YJR155W	1	-0.3697	-0.2364	-0.0858	-0.2107	-0.3307	-0.5100	-0.6780	-0.5518	-0.4874	-0.3770	-0.3051	-0.2400	-0.3578	-0.3672	-0.4260	-0.4046	-0.3625
5	YLR131C	1	-0.4571	-0.5743	-0.4690	-0.3072	-0.1236	-0.0710	0.0102	-0.0135	0.0373	-0.0275	-0.2732	-0.3555	-0.1154	0.0092	-0.0921	0.0410	-0.0908
3	YBR276C	1	-0.1036	0.0181	0.0092	0.0210	-0.0430	-0.1318	-0.0510	-0.0340	-0.0579	-0.0686	0.0363	-0.0051	-0.0318	-0.1416	-0.0710	-0.1725	-0.1346
3	YLR045C	1	-0.6231	-0.6103	-0.2208	-0.1388	0.0637	-0.0441	-0.1010	-0.2381	-0.3440	-0.5002	-0.2417	-0.1740	-0.0710	-0.0808	-0.0883	-0.2123	-0.2694
2	YJL173C	1	0.1961	0.2614	0.5627	0.5883	0.5435	0.3817	0.2608	0.1836	0.2558	0.5355	0.4758	0.5415	0.3630	0.4572	0.3536	0.3230	0.2923
1	YBR067C	1	0.5899	0.5768	0.4408	0.2933	0.1051	-0.0210	-0.0441	0.0828	0.1232	0.1479	0.0220	-0.0820	-0.1634	-0.1802	-0.0430	0.0191	0.2785
5	YDR146C	1	-0.5445	-0.4046	-0.1927	-0.1992	-0.1182	0.1051	0.1748	0.1443	0.1551	0.1051	0.0383	-0.0747	0.0249	0.3444	0.2437	0.3830	0.1916
3	YDL093W	1	-0.3672	-0.5591	-0.1679	-0.1128	-0.1944	-0.3373	-0.3263	-0.3843	-0.3893	-0.4151	-0.2929	-0.2311	-0.3156	-0.4370	-0.4426	-0.4970	-0.5979
3	YMR198W	1	-0.9370	-0.7187	-1.0362	-0.5979	-0.4206	-0.4020	-0.4720	-0.3918	-0.4483	-0.6187	-0.6451	-0.5035	-0.3307	-0.4571	-0.5035	-0.3418	-0.5167
1	YLR395C	1	0.3527	0.1544	0.1935	0.0785	0.2257	0.2763	0.3312	0.2026	0.3393	0.5746	0.4250	0.4109	0.3486	0.3082	0.3800	0.5482	0.5627
3	YEL018W	1	-0.5339	-0.4178	-0.3868	-0.3555	-0.2969	-0.3793	-0.5035	-0.4370	-0.5629	-0.5899	-0.6405	-0.5305	-0.3969	-0.3156	-0.5667	-0.3843	-0.4399
3	YER019W	1	-0.3010	-0.3241	-0.0453	-0.0020	-0.1388	-0.2545	-0.2381	-0.2990	-0.4178	-0.2909	-0.3177	-0.3285	-0.1531	-0.2242	-0.3241	-0.3995	-0.4314
1	YER111C	1	-0.6878	-0.5667	-0.3649	-0.6103	-0.7298	-0.7409	-0.7760	-0.6828	-0.6231	-0.3463	-0.3918	-0.5002	-0.5820	-0.7582	-0.9940	-0.7823	-0.7082
3	YDR219C	1	-0.6103	-0.7031	-0.7701	-0.2752	-0.3198	-0.1725	-0.4178	-0.3463	-0.3093	-0.6496	-0.5068	-0.3351	-0.2752	-0.2619	-0.3093	-0.3918	-0.3625
4	YDR324C	1	-0.2694	0.1615	0.0249	-0.0971	-0.1128	0.1398	0.1909	0.0699	0.1010	-0.0051	-0.0568	-0.0698	-0.0487	0.0945	0.0611	0.1278	0.1018
4	YLL046C	1	-0.2990	-0.3969	-0.4938	-0.5375	-0.4512	-0.3793	-0.4907	-0.5820	-0.7135	-0.7886	-1.0362	-0.8210	-0.6187	-0.5375	-0.5629	-0.5899	-0.6635
2	YPL267W	1	-0.5068	0.1391	0.4748	0.1559	-0.3509	-0.1992	-0.3944	-0.6405	-0.4690	0.0977	0.3036	0.1651	-0.0103	-0.1263	-0.2929	-0.5134	-0.2563
2	YKL045W	1	-0.1605	0.0494	0.4097	0.2378	-0.0475	0.0484	-0.0396	-0.1487	-0.0747	-0.0210	0.0429	0.1508	0.0895	0.1472	-0.0615	-0.0591	-0.0722
2	YNL173C	1	-0.2990	-0.6405	-1.2472	-1.0146	-0.7582	-0.8077	-0.8948	-0.9940	-0.6362	-0.4571	-0.3285	-0.3649	-0.5409	-0.6273	-0.6684	-0.5820	-0.4751
5	YLR190W	1	-0.1236	-0.2732	-0.0735	-0.1590	0.0853	0.1822	0.4547	0.4775	0.3388	0.1657	0.0699	-0.0533	0.0171	0.0802	0.2425	0.3092	0.3379
1	YBR157C	1	-0.3868	-0.4020	-0.6405	-0.6187	-0.6684	-0.6405	-0.8716	-0.4970	-0.2346	-0.1802	-0.2346	-0.4098	-0.4370	-0.8210	-0.6684	-0.5339	-0.3220
1	YBR083W	1	-0.2949	-0.2969	-0.1960	-0.2041	-0.1374	-0.1128	-0.2057	-0.2123	0.0051	0.4405	0.3061	0.0961	0.0041	0.0363	0.0383	0.2013	0.3102
2	YGR152C	1	-0.4125	-0.1849	0.0620	-0.0430	-0.3220	-0.3793	-0.3969	-0.5167	-0.3944	-0.1755	-0.0627	-0.0533	-0.2545	-0.2849	-0.3555	-0.4342	-0.4938
4	YDL198C	1	-0.0510	-0.0510	-0.0521	0.1035	0.1862	0.1981	0.1849	0.1255	0.1138	0.1185	0.1761	0.2178	0.2686	0.3567	0.3884	0.4622	0.3757
1	YOR264W	1	-0.6684	-0.7823	-1.0477	-0.8351	-0.6061	-0.4720	-0.7135	-0.7948	-0.3463	0.1741	-0.0010	-0.2157	-0.3625	-0.4260	-0.5591	-0.5667	-0.2140
1	YMR031C	1	-0.5236	-0.4286	-0.8639	-1.0146	-0.6103	-0.5979	-0.3051	-0.2990	0.0092	-0.0627	-0.3440	-0.3649	-0.4098	-0.5339	-0.4020	-0.0297	0.0288
2	YDR493W	1	0.2801	0.1902	-0.0627	-0.1318	-0.0556	0.0081	-0.0275	0.0566	0.0903	0.1323	0.2483	0.1699	0.0061	0.1761	0.0828	0.1537	0.3476
2	YPR120C	1	0.1224	0.2675	0.6172	0.3499	0.1916	0.1594	0.0420	0.1232	0.0307	0.4544	0.4949	0.1809	0.1836	0.1902	0.0794	0.0392	0.0785
3	YBR184W	1	-0.5134	-0.7082	-1.0039	-0.6878	-0.6273	-0.7823	-0.8871	-0.8564	-0.9838	-1.3487	-1.2125	-0.8871	-0.7823	-1.1805	-1.0255	-1.0362	-1.2125
2	YLR212C	1	-0.8492	-0.4874	-0.2346	-0.3720	-0.5270	-0.5409	-0.5979	-0.4938	-0.4046	-0.3220	-0.1679	-0.2400	-0.3555	-0.5270	-0.4720	-0.6231	-0.5667
3	YPL016W	1	-0.8791	-0.7948	-0.4286	-0.3328	-0.2259	-0.2435	-0.3418	-0.3555	-0.4260	-0.6684	-0.5100	-0.6362	-0.3843	-0.4232	-0.4843	-0.6588	-0.5002
3	YFR037C	1	-0.1318	-0.0242	0.0870	0.1146	0.0161	-0.0103	0.0152	-0.0103	-0.0408	-0.1318	-0.0883	0.0021	0.0937	-0.0124	-0.0946	0.0081	-0.0579
4	YLL047W	1	-0.2364	-0.2225	-0.4286	-0.4970	-0.4812	-0.3093	-0.3555	-0.5743	-0.6146	-0.6878	-0.7298	-0.7823	-0.6362	-0.5134	-0.4542	-0.5339	-0.6103
2	YNL225C	1	-0.7242	-0.3918	-0.2713	-0.3463	-0.3918	-0.4512	-0.4098	-0.4874	-0.4020	-0.3418	-0.2242	-0.1290	-0.2771	-0.2277	-0.2949	-0.3532	-0.3720
1	YDR511W	1	0.1216	-0.1062	-0.2929	-0.2849	-0.3720	-0.2329	-0.5068	-0.3868	-0.2025	0.0438	-0.0396	-0.1049	-0.2417	-0.1360	-0.1546	-0.0933	-0.0545
5	YMR032W	1	-0.9743	-0.8948	-0.7135	-0.7298	-0.6828	-0.2545	0.0345	0.2202	-0.0297	-0.1849	-0.3578	-0.5667	-0.6103	-0.3072	-0.0674	-0.1115	-0.1430
1	YLR273C	1	-0.4232	-0.5201	-0.5781	-0.7242	-0.7701	-0.7523	-0.8210	-0.7298	-0.4660	-0.3198	-0.3868	-0.6588	-0.7298	-1.1090	-0.7760	-0.8145	-0.5859
4	YIL131C	1	-0.9112	-0.8210	-0.8013	-0.4046	-0.1088	-0.0858	-0.2713	-0.3793	-0.4046	-0.6684	-0.7582	-0.5555	-0.3918	-0.3395	-0.4151	-0.4690	-0.6021
2	YHR154W	1	-0.7082	-0.5002	-0.0591	-0.3135	-0.4874	-0.4370	-0.6021	-0.7886	-0.6451	-0.4938	-0.2057	-0.1575	-0.2849	-0.4125	-0.5002	-0.7135	-0.6731
2	YKL101W	1	-0.3156	-0.1249	0.3787	0.3360	0.2897	0.1472	0.1002	-0.1182	-0.0796	0.2227	0.4061	0.4643	0.3735	0.2013	0.1699	0.0363	0.0742
4	YDR325W	1	-0.2381	-0.0220	-0.1168	-0.0662	-0.0093	0.1075	0.0307	-0.1101	-0.0933	-0.2507	-0.2471	-0.1695	-0.0556	0.1075	-0.0041	0.0986	-0.0820
2	YPL153C	1	-0.7701	-0.4600	-0.0441	-0.3486	-0.6146	-0.6878	-1.0590	-1.0711	-0.9370	-0.5339	-0.3351	-0.3373	-0.5167	-0.6451	-0.7523	-1.3054	-0.9197
4	YDR464W	1	-0.0808	0.0861	-0.1710	-0.0307	0.1010	0.1162	-0.0591	-0.0340	-0.1010	-0.2259	-0.2074	-0.1346	-0.0984	0.0785	-0.0487	-0.0441	-0.1976
2	YOL007C	1	-0.1374	0.2648	0.5319	0.4368	0.1301	-0.0103	-0.1634	-0.3463	-0.3793	0.0061	0.3264	0.3097	0.1816	0.0161	-0.2008	-0.2507	-0.2869
4	YMR003W	1	0.0602	0.0240	0.1354	0.5185	0.6174	0.6219	0.4873	0.2959	0.1263	-0.0603	0.0777	0.2614	0.3727	0.5875	0.4734	0.3255	0.1955
1	YNL046W	1	0.0539	-0.0946	-0.0984	0.0000	-0.0041	0.0725	-0.0275	-0.0858	0.1185	0.5710	0.4626	0.3679	0.1727	0.1361	0.0646	0.1741	0.2870
3	YLL062C	1	-0.5445	-0.4600	-0.5002	-0.0533	0.0903	-0.0103	-0.3241	-0.5134	-0.4600	-0.3263	-0.3601	-0.2208	-0.2453	-0.3818	-0.3944	-0.2969	-0.1388
2	YOL017W	1	-0.7948	-0.9031	-0.3893	-0.6731	-0.8564	-0.8013	-0.9197	-1.0146	-0.9551	-0.5979	-0.4178	-0.5445	-0.6273	-0.7886	-0.8948	-1.0146	-0.8564
5	YAL040C	1	0.4081	0.3783	0.2489	0.2477	0.4778	0.2221	0.5113	0.4846	0.4296	0.8198	0.5036	0.4152	0.2990	0.4089	0.4734	0.4661	0.3901
3	YNL304W	1	-0.6780	-0.4286	-0.2329	-0.3720	-0.3351	-0.4874	-0.3373	-0.3770	-0.5134	-0.3843	-0.2732	-0.1817	-0.3843	-0.3944	-0.4874	-0.3893	-0.5375
3	YFR038W	1	-1.0362	-0.8145	-0.6828	-0.7298	-0.8077	-0.9197	-0.8280	-0.8716	-0.8716	-1.1649	-0.8013	-0.7760	-0.8871	-0.9838	-0.9285	-1.0362	-1.0590
5	YGR279C	1	-0.2329	-0.0820	-0.0568	-0.1944	-0.1546	-0.0093	0.0986	0.1594	0.1929	0.2659	-0.0177	-0.0167	0.0220	-0.0062	0.1154	0.1842	0.1308
2	YDL124W	1	0.3830	0.2523	-0.0441	-0.0997	0.0307	-0.0686	-0.1430	-0.0396	-0.0264	0.1059	0.1170	0.0794	0.0297	-0.0710	-0.0895	0.0655	0.1316
3	YKR001C	1	-0.2259	-0.1849	-0.0833	0.0131	0.0230	-0.0020	-0.0374	-0.1634	-0.0759	-0.1634	0.0072	0.0081	0.0475	-0.0124	-0.0396	-0.0498	-0.0242
2	YLR121C	1	-0.1664	-0.1249	0.1630	0.0269	-0.1430	-0.1141	-0.1695	-0.3770	-0.5591	-0.2008	0.0681	-0.0051	-0.2909	-0.2490	-0.2471	-0.3649	-0.4073
3	YLR126C	1	-0.1236	-0.1896	0.0845	-0.0453	-0.1725	-0.4151	-0.3220	-0.5445	-0.3198	-0.3051	-0.3418	-0.1088	-0.0959	-0.1880	-0.2400	-0.2107	-0.1864
3	YER001W	1	-0.1976	0.1822	0.3648	0.3269	0.3467	0.1651	0.0969	-0.0307	-0.1849	-0.1360	0.1686	0.2681	0.2790	0.2625	0.1301	0.0977	-0.0020
2	YDR309C	1	-0.0883	0.4265	0.1842	0.0777	0.0429	0.1247	0.0111	-0.0210	0.0794	0.3087	0.5154	0.3683	0.1391	0.2828	0.1270	0.1530	0.1856
4	YKL048C	1	-0.6187	-0.7582	-0.6929	-0.4812	-0.4073	-0.3578	-0.4098	-0.5591	-0.5270	-0.7409	-0.6496	-0.5167	-0.3601	-0.3578	-0.3578	-0.4370	-0.4455
2	YJR148W	1	0.3504	0.3331	0.4394	0.2636	0.1331	-0.0062	0.0307	0.1622	0.3567	0.5870	0.4261	0.4792	0.4081	0.3576	0.3581	0.3988	0.5017
5	YCR042C	1	-0.2581	-0.2123	-0.4874	-0.5940	-0.5820	-0.4660	-0.2929	-0.0510	-0.0710	-0.0710	-0.1755	-0.3373	-0.4660	-0.4125	-0.2123	-0.2949	-0.1430
2	YDL101C	1	-0.2294	-0.0908	0.1651	0.0887	-0.0082	-0.0072	-0.0114	-0.0441	-0.0959	-0.0533	0.1544	0.0637	0.0420	0.0345	-0.0135	0.0122	-0.1605
1	YKL163W	1	0.4041	0.1622	-0.0430	0.0438	-0.2107	-0.1430	-0.0722	-0.0603	0.0307	0.3360	0.3453	0.2221	0.2306	0.2140	0.1889	0.1720	0.2838
1	YOR273C	1	-0.1115	-0.4483	-0.5704	-0.5859	-0.3893	-0.3198	-0.2157	0.0111	0.1457	0.1902	-0.0933	-0.1101	-0.2225	-0.1402	0.0010	0.1896	0.1010
2	YDL103C	1	-0.2435	-0.0242	0.1420	-0.0231	-0.1128	-0.1208	-0.1786	-0.1944	-0.1960	-0.0430	0.0152	-0.0010	-0.1222	-0.1605	-0.2157	-0.0921	-0.1101
3	YDR488C	1	-0.8791	-0.6588	-0.4970	-0.4125	-0.6780	-0.5629	-0.7135	-0.9285	-0.6828	-0.6405	-0.5167	-0.4260	-0.4370	-0.4874	-0.7464	-0.8351	-0.6878
3	YOR026W	1	-0.4314	-0.0374	0.2552	0.0566	0.0181	-0.0591	-0.0533	-0.0419	-0.1049	-0.0487	0.0457	0.1247	-0.0833	-0.0971	-0.1115	-0.1222	-0.2025
2	YML021C	1	-0.3578	-0.2041	-0.0231	-0.0177	-0.2435	-0.2990	-0.3509	-0.3241	-0.4232	-0.1880	-0.0167	-0.0686	-0.1740	-0.1927	-0.2656	-0.3918	-0.4232
3	YBR007C	1	-0.4151	-0.3440	-0.1088	-0.1849	-0.0933	-0.1388	-0.2329	-0.2790	-0.3672	-0.4314	-0.2969	-0.2329	-0.2140	-0.3818	-0.3307	-0.3578	-0.4512
2	YBR071W	1	0.1686	0.4303	0.5798	0.1836	0.2282	0.1472	0.0230	-0.1531	0.0557	0.6011	0.5806	0.4045	0.2140	0.1994	0.1193	0.1216	0.2752
4	YJR076C	1	0.1909	0.1338	0.2653	0.3508	0.4168	0.4529	0.3863	0.4172	0.2506	0.1308	0.2703	0.2209	0.2891	0.4551	0.4207	0.2736	0.2084
2	YNL272C	1	-0.3720	-0.4020	-0.0997	-0.1473	-0.2694	-0.2969	-0.2600	-0.3770	-0.2191	-0.2123	-0.0533	-0.1277	-0.0997	-0.1360	-0.2107	-0.2990	-0.2638
2	YOR144C	1	-0.5629	-0.3177	-0.2008	-0.3818	-0.4370	-0.4907	-0.5518	-0.5591	-0.5339	-0.3601	-0.2990	-0.2889	-0.4629	-0.5629	-0.5979	-0.4874	-0.6103
1	YBR054W	1	0.2523	0.1002	-0.1088	-0.4751	-0.6542	-0.8564	-0.3893	0.1216	0.2227	0.4303	0.2506	0.0448	-0.1154	-0.3672	-0.2025	-0.0231	0.1856
2	YKL108W	1	-0.4512	-0.2329	0.0811	-0.2025	-0.7031	-0.5236	-0.6542	-0.7701	-0.5704	-0.8351	-0.4483	-0.2074	-0.3198	-0.4938	-0.7886	-0.7948	-0.7135
1	YLR258W	1	-0.0010	-0.3893	-0.5167	-0.4098	-0.3601	-0.2507	-0.2435	-0.2545	-0.3818	-0.1023	0.0870	-0.0374	-0.1290	-0.0845	-0.1634	-0.2346	-0.2277
4	YJL099W	1	-0.4399	-0.8210	-0.6828	-0.5100	-0.5305	-0.2507	-0.2656	-0.4812	-0.4600	-0.5270	-0.7523	-0.5899	-0.5134	-0.3373	-0.4151	-0.4690	-0.5445
3	YIR017C	1	-0.9646	-1.1649	-0.7948	-0.3995	-0.2675	-0.3532	-0.8013	-0.9743	-0.9370	-0.9646	-0.7409	-0.6231	-0.6731	-0.7031	-0.7082	-0.7352	-0.7031
5	YGR230W	1	-0.3263	-0.3509	-0.4314	-0.4938	-0.4720	-0.3720	-0.1679	-0.0072	-0.0124	-0.2174	-0.4542	-0.5409	-0.6780	-0.4781	-0.3843	-0.1634	-0.1664
4	YBL097W	1	-1.1959	-1.0362	-1.0146	-1.0255	-0.7031	-0.7298	-0.7242	-0.7948	-0.8948	-0.9197	-0.9551	-0.8948	-0.8419	-0.7701	-0.8210	-0.9940	-0.8492
4	YCL062W	1	-0.2242	-0.1740	-0.3198	0.0220	0.1494	0.1051	0.1472	0.1601	0.1051	-0.1502	-0.2140	-0.1332	0.0448	0.0061	0.0259	0.0249	-0.0698
2	YNL312W	1	0.1239	0.2431	0.5663	0.4597	0.3057	0.1494	0.0010	-0.0908	0.0131	0.3288	0.4486	0.4822	0.2959	0.2215	0.1193	0.0811	0.0373
2	YKL165C	1	-0.0464	-0.0072	0.0785	0.0345	-0.1277	-0.2563	-0.2849	-0.4314	-0.2869	-0.1277	0.0152	0.0249	-0.0264	-0.1062	-0.1710	-0.1786	-0.1620
2	YLL022C	1	-0.1277	-0.1010	0.3051	0.2058	0.0448	-0.1771	-0.1290	-0.1402	-0.2381	0.0903	0.1316	0.0759	0.0200	-0.0188	-0.1023	-0.1755	-0.1912
4	YDR389W	1	-0.3532	-0.2453	-0.4151	-0.5629	-0.2191	-0.0533	-0.1088	-0.2732	-0.2969	-0.3745	-0.2619	-0.3770	-0.4286	-0.1010	-0.1786	-0.0858	-0.2311
3	YDL096C	1	-0.9031	-1.1090	-0.8639	-0.8077	-1.0711	-1.0590	-1.3054	-1.0255	-1.0039	-1.6737	-0.8013	-0.6929	-0.6684	-1.1090	-1.5129	-1.2472	-1.1959
2	YDR097C	1	-0.5002	-0.4426	0.1026	-0.0759	-0.2563	-0.3995	-0.5002	-0.5940	-0.5629	-0.1620	0.0230	0.0152	-0.2174	-0.3030	-0.4571	-0.6635	-0.4843
3	YHR172W	1	-0.8716	-0.7082	-0.5035	-0.4970	-0.6021	-0.5445	-0.6979	-0.9112	-0.9285	-0.9031	-0.7948	-0.7640	-0.6231	-0.6780	-0.8791	-0.9370	-1.1090
2	YDL164C	1	-0.2929	-0.0759	0.2849	0.0716	-0.2008	-0.2435	-0.2929	-0.3918	-0.2829	0.1699	0.2419	0.1010	-0.0285	-0.0062	-0.1960	-0.2490	-0.1976
4	YPL116W	1	-0.1725	-0.2656	-0.1128	0.0021	0.1107	0.1278	-0.0318	-0.0870	-0.1695	-0.0638	-0.2191	-0.1740	-0.1249	-0.0031	-0.0430	0.0637	-0.2277
5	YGL116W	1	-1.0590	-1.0477	-0.9838	-0.9940	-0.9370	-0.7352	-0.4125	-0.2752	-0.3649	-0.6828	-0.7582	-0.9112	-0.8716	-0.8492	-0.6021	-0.5518	-0.4629
2	YLR183C	1	-0.8077	-0.3918	0.2134	0.0725	-0.2008	-0.3793	-0.4690	-0.7823	-0.6929	-0.2490	0.1368	0.0021	-0.0883	-0.2311	-0.4232	-0.5482	-0.5667
3	YER118C	1	-0.5940	-0.3697	-0.1649	-0.1445	-0.2174	-0.2790	-0.3969	-0.3418	-0.4125	-0.4314	-0.2563	-0.1168	-0.0510	-0.1249	-0.3263	-0.2732	-0.3351
2	YAR003W	1	-0.4542	-0.3486	-0.1590	-0.3555	-0.4907	-0.4426	-0.4206	-0.4399	-0.4125	-0.5555	-0.3373	-0.3241	-0.2471	-0.5375	-0.4370	-0.4874	-0.5820
2	YJL018W	1	-0.6588	-0.7523	-0.3578	-0.5134	-0.6273	-0.6684	-0.7242	-0.9112	-0.7409	-0.6929	-0.5236	-0.5339	-0.5167	-0.6146	-0.8351	-0.7298	-0.7242
2	YDL119C	1	-0.1263	-0.5339	-0.6146	-0.5201	-0.3918	-0.3818	-0.3995	-0.4073	-0.3818	-0.2969	-0.1318	-0.0638	-0.2417	-0.3351	-0.3868	-0.3672	-0.2507
2	YLR234W	1	-0.7886	-0.9031	-0.4125	-0.5859	-0.7760	-0.8639	-0.8492	-0.8948	-0.8077	-0.5820	-0.6684	-0.5979	-0.6362	-0.7886	-0.7823	-0.7409	-0.8948
4	YCL063W	1	-0.5781	-0.4426	-0.5591	-0.3555	-0.1318	-0.1755	-0.1459	-0.0475	-0.2259	-0.6542	-0.5270	-0.4629	-0.2581	-0.3995	-0.3720	-0.3486	-0.3745
2	YBR089W	1	-0.2453	-0.0156	0.3572	0.2221	0.0457	-0.1634	-0.2174	-0.2990	-0.3177	0.2209	0.3051	0.2923	0.1516	-0.0487	-0.0783	-0.3555	-0.1786
2	YPL187W	1	0.5388	0.5872	0.6821	0.4168	0.1026	0.2090	0.0655	0.3444	0.5169	1.0485	0.7597	0.5438	0.4952	0.5322	0.5043	0.6618	0.7353
2	YBR070C	1	-0.2732	0.0031	0.3549	0.1091	-0.2174	-0.2889	-0.4660	-0.5820	-0.3793	-0.0747	-0.0895	-0.0464	-0.1620	-0.3093	-0.3672	-0.4571	-0.4125
5	YOL069W	1	-1.3054	-2.1487	-1.6271	-1.0830	-1.0711	-0.7082	-0.6542	-0.6273	-0.7464	-1.1500	-1.0362	-1.3261	-0.8280	-0.8280	-0.7886	-0.9031	-0.7523
3	YGR140W	1	-0.5375	-0.4812	-0.1473	-0.2140	-0.1992	-0.1912	-0.3463	-0.5068	-0.5781	-0.5555	-0.4455	-0.3625	-0.2849	-0.2790	-0.4751	-0.5068	-0.6405
2	YIL159W	1	-0.7886	-0.4843	-0.3745	-0.5409	-0.5859	-0.6021	-0.6362	-0.6684	-0.6146	-0.6317	-0.4938	-0.6103	-0.7298	-0.7464	-0.7409	-0.9197	-0.8351
2	YBR088C	1	0.1665	0.3490	0.6658	0.5346	0.4057	0.1822	0.1130	0.0220	0.0021	0.5675	0.6177	0.5811	0.4069	0.2980	0.2747	0.0845	0.2000
4	YIL050W	1	-0.8210	-0.8948	-0.7298	-0.6187	-0.3995	-0.3509	-0.4812	-0.5482	-0.5482	-0.7352	-0.6878	-0.5375	-0.5167	-0.4720	-0.4970	-0.5305	-0.5409
1	YPR002W	1	-0.5236	-0.8871	-0.8639	-0.7701	-0.9031	-1.0362	-1.0590	-0.7523	-0.5270	-0.4314	-0.5820	-0.6588	-0.7031	-0.9646	-0.9197	-1.0711	-0.9940
3	YNL073W	1	-0.2889	-0.4907	-0.5704	-0.5629	-0.7082	-0.6405	-0.5201	-0.6061	-0.3649	-0.2157	-0.2074	-0.1786	-0.2694	-0.3532	-0.3745	-0.4542	-0.2949
1	YCL040W	1	0.2828	-0.1473	-0.4046	-0.2675	-0.1546	-0.3093	-0.3625	-0.1755	-0.0833	0.1916	0.2881	0.2064	0.0539	0.1042	0.0819	0.0575	0.3041
1	YPR019W	1	-0.4260	-0.4720	-0.2771	-0.4314	-0.4073	-0.3555	-0.3463	-0.1318	-0.1115	-0.0093	-0.1546	-0.5035	-0.4370	-0.4542	-0.3072	-0.3156	-0.1195
5	YGR143W	1	-0.7582	-0.8210	-1.1361	-0.9285	-0.9940	-0.7582	-0.4260	-0.3697	-0.2929	-0.6061	-0.6317	-0.7582	-0.9031	-0.8210	-0.5236	-0.3969	-0.4046
3	YCR065W	1	-0.7187	-0.4125	-0.1786	-0.2294	-0.3114	-0.3944	-0.5100	-0.4426	-0.5518	-0.3818	-0.2563	-0.2400	-0.2713	-0.4260	-0.5899	-0.5859	-0.5859
2	YKL042W	1	-0.6780	-0.3720	0.0181	-0.1695	-0.3220	-0.2869	-0.4938	-0.5270	-0.5270	-0.1222	0.0494	-0.0759	-0.1833	-0.2008	-0.3463	-0.4690	-0.5743
5	YMR001C	1	-0.6929	-0.6021	-0.6780	-0.4399	-0.2869	-0.0627	0.1122	0.1523	0.0539	-0.2507	-0.2869	-0.3220	-0.1168	-0.1141	0.0111	0.0681	0.0457
1	YNR067C	1	-0.4426	-0.6635	-0.9743	-0.8351	-0.5201	-0.2346	-0.4938	-0.5899	-0.1880	0.3612	0.3186	0.1270	-0.0419	-0.1304	-0.2563	-0.2074	-0.0307
2	YGL200C	1	-0.0771	-0.0072	0.1816	0.0742	0.0751	-0.0072	-0.0971	-0.1128	-0.0615	0.1361	0.1122	0.1494	0.0945	0.1098	0.0457	0.1193	0.0335
2	YFL008W	1	-0.5667	-0.3578	-0.0710	-0.1771	-0.3969	-0.5704	-0.5591	-0.6061	-0.5629	-0.3030	-0.1531	-0.2453	-0.2990	-0.3649	-0.4812	-0.5518	-0.5375
1	YPL066W	1	-0.6187	-0.6929	-0.4098	-0.4629	-0.5375	-0.4232	-0.4629	-0.4512	-0.4125	-0.1976	-0.1710	-0.3051	-0.3672	-0.4455	-0.4483	-0.5339	-0.3555
1	YBR231C	1	-0.2752	-0.3918	-0.2471	-0.4232	-0.4020	-0.4938	-0.4483	-0.3944	-0.3601	-0.1880	-0.2638	-0.3030	-0.4286	-0.3893	-0.4370	-0.5167	-0.2400
3	YDR179C	1	-0.0591	-0.0188	-0.0146	0.1782	0.1472	0.1782	0.0725	-0.0210	-0.1154	-0.3373	-0.2619	-0.0796	-0.0556	0.0777	-0.0579	-0.1304	-0.1517
2	YNL309W	1	-0.7352	-0.5375	-0.2732	-0.4660	-0.8948	-0.9031	-0.9551	-1.5867	-0.7523	-0.5482	-0.4812	-0.5167	-0.6362	-0.8077	-0.9743	-0.7523	-0.9838
2	YML060W	1	-0.5555	-0.3220	0.0010	-0.1695	-0.3010	-0.4046	-0.4843	-0.5743	-0.6496	-0.4812	-0.2294	-0.2849	-0.3697	-0.5555	-0.6231	-0.8492	-0.9031
3	YFR027W	1	-0.9462	-0.6780	-0.3843	-0.5743	-0.9031	-0.9462	-1.0362	-1.1649	-1.0711	-0.6780	-0.6588	-0.7135	-0.8871	-0.9285	-1.1361	-1.0958	-1.2125
5	YGL021W	1	-0.7187	-0.6405	-0.5629	-0.5305	-0.3263	-0.1817	-0.0650	-0.0921	-0.1560	-0.3720	-0.4970	-0.4483	-0.3418	-0.1277	-0.1168	-0.0674	-0.2107
3	YLR228C	1	-0.6146	-0.7242	-0.6317	-0.5445	-0.4690	-0.6451	-0.8280	-0.6146	-0.6780	-0.6684	-1.0711	-0.7409	-0.6828	-0.9197	-0.9285	-0.7187	-0.8013
1	YJL194W	1	-0.7352	-0.2364	-0.5445	-0.6828	-0.5667	-0.4542	-0.5134	-0.5940	-0.2638	-0.2041	-0.4874	-0.4178	-0.5134	-0.4483	-0.5979	-0.5375	-0.2949
4	YBR043C	1	-0.2057	-0.1416	-0.1374	-0.1141	0.0051	-0.0498	0.0870	0.0297	-0.0735	-0.1277	-0.2364	-0.1896	-0.0521	-0.0231	0.1122	0.0742	0.0383
3	YJL115W	1	-0.3555	-0.2490	0.1457	-0.0275	-0.4812	-0.5270	-0.6878	-0.8210	-0.4660	-0.8871	-0.8871	-0.0556	-0.1249	-0.3373	-0.5518	-0.6061	-0.4399
2	YPR175W	1	-0.2990	-0.0615	0.1376	-0.1402	-0.3532	-0.4206	-0.3969	-0.5100	-0.4455	-0.0498	-0.0231	-0.3532	-0.2694	-0.2849	-0.4720	-0.6103	-0.3995
3	YKL067W	1	0.1692	0.0945	0.2614	0.3735	0.3102	0.0021	-0.0858	-0.2277	0.1216	0.3572	0.2897	0.4795	0.3617	0.2407	0.2190	0.3117	0.3383
3	YJL118W	1	-0.6021	-0.6362	-0.3220	-0.1374	-0.1649	-0.1664	-0.3555	-0.3395	-0.3745	-0.3578	-0.2471	-0.2107	-0.2025	-0.1605	-0.3395	-0.3672	-0.4600
2	YLR032W	1	0.1686	0.1323	0.4246	0.2084	0.0794	0.0000	-0.0167	0.0429	-0.0710	0.2558	0.3495	0.1836	0.0041	0.1098	0.0230	-0.1101	-0.0808
4	YDR366C	1	-0.6731	-0.3969	-0.5375	-0.6103	-0.6635	-0.4399	-0.3918	-0.7760	-0.6451	-0.7464	-0.9031	-0.8639	-0.7242	-0.4483	-0.4600	-0.5035	-0.7135
1	YBR202W	1	-0.5704	-0.1912	-0.3745	-0.5305	-0.5667	-0.4660	-0.1664	0.0637	0.0521	0.0969	-0.0603	-0.2889	-0.3555	-0.3818	-0.1575	0.0566	-0.0135
1	YJL157C	1	-0.2563	-0.2074	-0.4232	-0.4098	-0.1459	0.0429	0.0051	0.3171	0.3284	0.6265	0.5301	0.2330	0.1010	0.1285	0.1657	0.2413	0.4497
5	YIL162W	1	-0.4483	-0.7464	-0.9285	-0.7298	-0.6187	-0.5629	-0.4874	-0.3818	-0.3893	-0.5979	-0.5409	-0.6451	-0.6496	-0.7082	-0.6451	-0.5704	-0.5305
4	YJL137C	1	-0.4970	-0.5305	-0.8145	-0.4232	-0.2471	-0.2157	-0.3440	-0.3030	-0.4232	-0.5035	-0.5375	-0.5167	-0.4125	-0.3578	-0.3307	-0.3893	-0.4751
3	YBR275C	1	-0.4512	-0.3395	-0.1115	-0.1786	-0.1346	-0.3555	-0.4125	-0.3285	-0.4571	-0.2107	-0.1710	-0.1695	-0.2417	-0.4232	-0.4426	-0.5704	-0.4455
1	YKL116C	1	-0.4781	-0.4206	-0.4314	-0.5445	-0.4286	-0.5167	-0.6405	-0.4843	-0.2191	-0.0072	-0.1833	-0.2157	-0.3328	-0.4455	-0.4260	-0.3918	-0.2400
3	YLR151C	1	-0.3198	-0.6828	-0.0662	-0.2675	-0.4206	-0.6021	-0.5100	-0.6979	-0.6231	-0.4178	-0.5100	-0.2600	-0.3351	-0.4571	-0.5134	-0.5035	-0.5409
1	YHL026C	1	-0.6731	-0.6061	-0.8145	-1.0146	-0.8210	-0.8280	-0.6731	-0.4751	-0.2694	-0.4370	-0.6635	-0.8145	-1.0958	-0.8716	-0.7582	-0.6362	-0.5591
5	YIL167W	1	-0.5100	-0.7701	-1.0255	-1.0958	-1.0477	-0.8210	-0.7409	-0.6231	-0.5236	-0.6317	-0.6684	-0.6979	-0.7298	-0.6878	-0.5859	-0.6496	-0.5270
5	YBR138C	1	-0.5270	-0.6451	-0.7760	-0.6021	-0.4720	-0.3177	-0.1236	-0.0072	-0.0650	-0.3263	-0.4455	-0.4907	-0.3307	-0.3307	-0.1755	-0.1236	-0.1649
1	YBR053C	1	0.1323	-0.1049	-0.5236	-0.6317	-0.5445	-0.5409	-0.4843	-0.2507	-0.1430	0.0259	0.0220	-0.0135	-0.0722	-0.2329	-0.1695	-0.2277	0.0111
2	YBL035C	1	-0.5002	-0.1182	0.1472	-0.2581	-0.3625	-0.4542	-0.4938	-0.6146	-0.5409	-0.0845	-0.0264	-0.1664	-0.2949	-0.3220	-0.5068	-0.6103	-0.6273
2	YCL061C	1	-0.8492	-0.9112	-0.4843	-0.5068	-0.6317	-0.7886	-0.8013	-0.8077	-0.7701	-0.7082	-0.4151	-0.3995	-0.4874	-0.8077	-0.9197	-1.0590	-0.7352
3	YER018C	1	-0.6362	-0.6187	-0.3893	-0.2969	-0.1927	-0.3944	-0.4781	-0.4874	-0.6542	-0.6021	-0.6496	-0.5134	-0.4874	-0.4690	-0.5201	-0.5899	-0.7464
1	YOR065W	1	0.1935	-0.1154	-0.3220	-0.1290	-0.0545	-0.0041	-0.1634	-0.0510	0.1501	0.3549	0.2569	0.2372	0.1657	0.1573	0.1916	0.3959	0.2790
5	YNL058C	1	-0.1649	-0.2329	-0.1036	-0.0883	-0.0285	0.1544	0.3467	0.3679	0.3744	0.4689	0.2614	0.2970	0.0861	0.2159	0.3435	0.5669	0.4489
1	YCR005C	1	0.0152	-0.2294	-0.4512	-0.3918	-0.4600	-0.4720	-0.2619	0.0716	0.1391	0.0768	0.0861	0.1889	0.1713	0.0122	0.0000	-0.1786	-0.1402
3	YDL095W	1	0.1594	0.0734	0.2512	0.2917	0.2257	0.1075	0.1035	0.0530	0.0742	0.2171	0.2730	0.2970	0.2134	0.1457	0.1727	0.1075	0.0240
2	YNL273W	1	-0.5068	-0.2453	0.0512	-0.2507	-0.3969	-0.4098	-0.4874	-0.5482	-0.3745	-0.0895	-0.0662	-0.0408	-0.2490	-0.3969	-0.5482	-0.4483	-0.5305
5	YDL138W	1	0.1270	0.1216	-0.1182	-0.2107	-0.0674	-0.0603	0.0259	0.1391	0.1580	0.1255	0.0307	-0.1416	-0.1236	0.0131	0.0307	0.1566	0.0802
4	YPL264C	1	-0.8419	-1.0255	-0.8791	-0.6588	-0.6635	-0.6317	-0.8564	-0.8210	-0.8791	-1.0362	-0.9838	-0.8280	-0.7242	-0.6684	-0.6731	-0.6061	-0.7760
2	YPL256C	1	0.0210	0.5822	0.7680	0.4876	0.3346	0.2801	0.2407	0.1761	-0.1459	0.2708	0.4826	0.5833	0.3876	0.2964	0.2096	0.3112	0.0092
3	YIL140W	1	-0.5518	-0.5859	-0.0051	-0.0783	-0.3135	-0.4046	-0.6451	-0.7823	-0.8564	-0.5591	-0.2346	-0.1473	-0.2140	-0.4232	-0.5859	-0.6496	-0.6542
5	YML119W	1	-0.1154	-0.1849	-0.0242	-0.0921	-0.2364	0.0699	0.3963	0.4434	0.3901	0.2675	0.1809	0.0326	0.0010	0.1994	0.2664	0.3934	0.3481
4	YOL012C	1	-0.3532	-0.2869	-0.1710	0.0646	0.2529	0.1501	0.1630	0.0828	0.0288	0.0819	0.0768	0.1720	0.1338	0.2648	0.2714	0.2795	0.0181
2	YPL208W	1	-0.2057	-0.1740	0.2233	0.1428	-0.1531	-0.1374	-0.2208	-0.2869	-0.2294	-0.0771	0.0230	-0.0352	-0.0984	-0.0845	-0.1430	-0.2259	-0.2191
2	YDL227C	1	-1.3261	-0.7242	0.0878	-0.3010	-0.9197	-0.6405	-0.6878	-0.8013	-0.8948	-0.1115	0.2245	0.1002	-0.1710	-0.1976	-0.4874	-0.7242	-0.5820
3	YDR356W	1	-0.8013	-0.7082	-0.4843	-0.3793	-0.2507	-0.2346	-0.5781	-0.6542	-0.6273	-0.6731	-0.4286	-0.3285	-0.3156	-0.3944	-0.5236	-0.6273	-0.6496
5	YKR021W	1	-0.3625	-0.4314	-0.4151	-0.5035	-0.5940	-0.2675	-0.0946	-0.0498	-0.1430	-0.4260	-0.8280	-0.4542	-0.4046	-0.3843	-0.2909	-0.1976	-0.2581
2	YHR113W	1	-0.5979	-0.6405	-0.7135	-0.7352	-1.1090	-0.9112	-0.7948	-0.8791	-0.6684	-0.6187	-0.5100	-0.5781	-0.6103	-0.8077	-0.6588	-0.7640	-0.8145
3	YEL017W	1	-0.7701	-0.7135	-0.6635	-0.5068	-0.4125	-0.5445	-0.8351	-0.6929	-0.7187	-0.7640	-0.9285	-0.6731	-0.4073	-0.4751	-0.7886	-0.5704	-0.7031
5	YNL057W	1	-0.6496	-0.6635	-0.6828	-0.6273	-0.5859	-0.3843	-0.1075	-0.1154	-0.0093	-0.0946	-0.1896	-0.1802	-0.2453	-0.2829	-0.1263	-0.0188	0.0081
5	YCL037C	1	-0.3532	-0.1976	-0.2790	-0.2619	0.0092	-0.1168	-0.0285	-0.0464	-0.1222	-0.0997	-0.2790	-0.2752	-0.1944	-0.1710	-0.2107	-0.1430	-0.1976
4	YCR084C	1	-0.2694	-0.1075	-0.1304	-0.0340	-0.0156	-0.0453	-0.0199	-0.0318	-0.1833	-0.1802	-0.2074	-0.1960	-0.0808	-0.0533	-0.0735	-0.1976	-0.2490
1	YHR005C	1	-0.4483	-0.3051	-0.3328	-0.6317	-0.7523	-0.6731	-0.4720	-0.3198	-0.2675	-0.1049	-0.1036	-0.3418	-0.4874	-0.5629	-0.3395	-0.4020	-0.2417
5	YOL137W	1	-0.4600	-0.4046	-0.6273	-0.7187	-0.5035	-0.4399	-0.3625	-0.2790	-0.2311	-0.3843	-0.4399	-0.4342	-0.4260	-0.4098	-0.4073	-0.2732	-0.3351
1	YPL004C	1	-0.0329	-0.3918	-0.4812	-0.2311	-0.1346	-0.1036	-0.1487	-0.0698	0.1162	0.3061	0.1734	0.1587	0.0734	0.0363	0.0401	0.1876	0.2276
1	YLR079W	1	-0.0808	-0.1575	-0.0771	-0.1388	-0.0698	-0.0759	-0.1590	-0.3010	0.1059	0.4819	0.2828	0.1472	0.0628	-0.0275	-0.0253	-0.0374	0.2128
3	YDL197C	1	-0.2008	-0.2889	0.0503	-0.0135	-0.1445	-0.2259	-0.3868	-0.3969	-0.3818	-0.2041	-0.1023	-0.0908	-0.2140	-0.2563	-0.3395	-0.4660	-0.3285
2	YDL105W	1	-0.6362	-0.7523	-0.4512	-0.6588	-0.6273	-0.8077	-0.8280	-0.8492	-0.9112	-0.4314	-0.4970	-0.5002	-0.7187	-0.7948	-0.8564	-0.9462	-0.7409
4	YGL101W	1	-0.6187	-0.4843	-0.5134	-0.2909	-0.2732	-0.2600	-0.1634	-0.2771	-0.3395	-0.5445	-0.3995	-0.2752	-0.1912	-0.1360	-0.0921	-0.1445	-0.3241
1	YOR066W	1	-0.4286	-0.2969	-0.5482	-0.7640	-0.5518	-0.6103	-0.5820	-0.3051	-0.2400	-0.1531	-0.2311	-0.2929	-0.5236	-0.5781	-0.5482	-0.3770	-0.2771
2	YKR077W	1	-0.5100	0.0836	0.0986	-0.2600	-0.3198	-0.1695	-0.4314	-0.4970	-0.3307	0.3117	0.3240	0.0655	-0.0997	-0.1023	-0.2490	-0.3285	-0.1710
3	YMR048W	1	-0.5445	-0.6979	-0.1236	-0.5743	-0.9940	-0.9646	-0.8639	-1.0590	-0.8639	-0.6021	-0.4600	-0.4151	-0.4970	-0.6061	-0.8280	-0.7886	-0.7409
5	YNL053W	1	-0.4073	-0.3745	-0.5002	-0.3720	-0.2225	-0.1141	-0.0568	-0.0430	-0.1430	-0.4660	-0.3995	-0.3241	-0.3177	-0.3114	-0.2364	-0.1115	-0.2771
4	YCR073C	1	-0.6021	-0.4660	-0.3351	-0.3509	-0.3051	-0.0921	-0.0845	-0.2869	-0.3509	-0.3307	-0.3351	-0.3578	-0.3440	-0.3418	-0.2829	-0.2507	-0.3578
1	YLR049C	1	-0.6362	-0.4600	-0.1864	-0.3918	-0.4542	-0.3818	-0.6021	-0.6317	-0.2638	0.1968	0.1501	0.0200	-0.1141	-0.2090	-0.3486	-0.3625	-0.0686
2	YGR041W	1	-0.9462	-0.8791	-0.6635	-0.9031	-0.9743	-0.8791	-1.0255	-1.1221	-1.0039	-0.7298	-0.5555	-0.5820	-0.6588	-0.8077	-1.0039	-1.0255	-0.8639
5	YLR353W	1	-0.5979	-0.5445	-0.5518	-0.3532	-0.2208	-0.1546	-0.0908	-0.0921	-0.0363	-0.1771	-0.4125	-0.3697	-0.2453	-0.2277	-0.1049	-0.0870	-0.1290
3	YDR252W	1	-0.3030	-0.5201	-0.6451	-0.4542	-0.2929	-0.3944	-0.5409	-0.4046	-0.5167	-0.9197	-0.6273	-0.4938	-0.4399	-0.4206	-0.5339	-0.3893	-0.5035
3	YKR010C	1	-0.3818	-0.2889	-0.2381	-0.1023	0.0819	-0.0946	-0.0858	-0.3373	-0.3843	-0.4483	-0.5068	-0.3843	-0.0984	-0.1023	-0.1249	-0.3030	-0.3198
2	YJL181W	1	-0.5518	-0.2810	-0.0318	-0.2259	-0.3555	-0.3241	-0.4907	-0.5270	-0.4690	-0.1880	0.0448	-0.1332	-0.3114	-0.2259	-0.3625	-0.4843	-0.3793
2	YJL196C	1	0.0383	0.0392	0.2833	0.1608	-0.1590	-0.1649	-0.2545	-0.2346	-0.0820	0.1154	0.2196	0.0802	0.0716	0.0584	0.0503	0.0903	0.1051
3	YER016W	1	-0.3555	-0.3198	-0.1620	0.0494	-0.1277	-0.2208	-0.2435	-0.2600	-0.4600	-0.2025	-0.2074	-0.1817	-0.2208	-0.1649	-0.3532	-0.3072	-0.3486
4	YKL068W	1	0.0503	0.1734	0.1098	0.1727	0.2020	0.2540	0.2466	0.3959	0.1278	0.0092	0.1856	0.0288	0.1010	0.1896	0.2245	-0.0231	-0.0408
2	YKR013W	1	0.4207	0.5319	0.9446	0.8859	0.5274	0.4337	0.2171	0.2045	-0.0374	0.4734	0.7351	0.6062	0.4919	0.5746	0.4188	0.2437	0.1829
2	YPL014W	1	-0.6828	-1.0255	-0.5979	-0.8145	-0.9462	-0.8492	-0.9838	-1.0590	-0.8077	-0.6103	-0.4206	-0.6061	-0.5518	-0.7823	-0.8145	-0.8716	-0.6979
2	YNL300W	1	-0.2346	-0.0285	0.6228	0.5382	0.3006	0.1869	-0.0051	-0.2471	-0.4098	-0.0103	0.3171	-0.0103	0.2033	0.1566	-0.0242	-0.3135	-0.2140
2	YBR278W	1	-0.2435	-0.1402	0.0354	-0.0933	-0.2675	-0.2191	-0.2656	-0.2490	-0.2581	-0.1374	-0.1101	-0.1620	-0.1849	-0.2381	-0.2025	-0.2346	-0.2090
3	YKL066W	1	0.1883	0.0061	0.1876	0.3753	0.3531	0.1508	0.1122	-0.1154	0.0512	0.5394	0.2995	0.4073	0.0664	0.2454	-0.0662	0.3490	0.3293
4	YJR110W	1	-0.6103	-0.6273	-0.7464	-0.4178	-0.3770	-0.2242	-0.3440	-0.3818	-0.4812	-0.8280	-0.5002	-0.5445	-0.4073	-0.3944	-0.3649	-0.5305	-0.5305
4	YKL049C	1	-0.2208	-0.2294	0.0401	0.0853	0.1472	0.0664	0.0031	-0.0363	-0.1101	-0.0946	-0.0453	0.0161	0.0602	0.1114	0.0895	0.0061	-0.0747
5	YOR025W	1	-1.1090	-1.1649	-0.9940	-0.9646	-0.7886	-0.4314	-0.3486	-0.3770	-0.1912	-0.6146	-0.6362	-0.8210	-0.5201	-0.4542	-0.4455	-0.4286	-0.4098
3	YBR156C	1	-0.5704	-0.5743	-0.4399	-0.3486	-0.2074	-0.2929	-0.3969	-0.3918	-0.5270	-0.5035	-0.5305	-0.4286	-0.3745	-0.5134	-0.5236	-0.7135	-0.6496
2	YIL026C	1	-0.2675	-0.1590	0.1822	-0.0374	-0.1360	-0.1304	-0.3818	-0.5236	-0.5167	-0.1944	-0.0242	-0.0363	-0.1374	-0.2208	-0.4342	-0.5781	-0.4542
2	YPL209C	1	-0.9462	-0.8639	-0.4690	-0.5201	-0.6929	-0.7082	-0.9197	-1.0590	-0.9838	-0.7948	-0.7823	-0.8077	-0.8419	-0.7523	-0.8564	-1.0958	-1.0477
1	YDR368W	1	-0.0146	-0.1960	-0.2008	-0.2732	-0.3220	-0.3486	-0.4399	-0.3051	-0.1575	-0.1263	-0.0441	0.0259	-0.1277	-0.1332	-0.2435	-0.1786	-0.1154
4	YJR112W	1	-0.3351	-0.3030	-0.0285	0.1501	0.1368	0.0620	-0.0082	-0.1445	-0.0933	-0.1388	-0.1575	-0.0210	0.0637	0.2058	0.1098	0.0494	-0.0883
2	YMR199W	1	-0.4542	0.3918	0.5011	0.4883	0.3718	0.3783	0.2282	0.1293	-0.1182	0.4341	0.6445	0.5151	0.3679	0.4037	0.2586	0.1608	0.1516
1	YBR200W	1	-0.2140	-0.1560	-0.3770	-0.4399	-0.4232	-0.3509	-0.2140	0.0031	-0.0591	-0.1023	-0.1416	-0.2771	-0.3220	-0.4907	-0.2929	-0.2507	-0.1263
1	YPL158C	1	-0.2889	-0.4542	-0.5859	-0.5002	-0.3893	-0.3093	-0.5409	-0.5236	-0.1531	0.1615	-0.0114	-0.3328	-0.3307	-0.4600	-0.5068	-0.5667	-0.0307
2	YDR297W	1	-0.1374	0.1748	0.3748	0.4913	0.4572	0.3783	0.2774	0.2558	0.2227	0.0794	0.3621	0.3341	0.1889	0.2790	0.1883	0.1644	0.1922
4	YKL052C	1	-0.2929	-0.2790	-0.1115	0.0690	0.1185	0.0664	0.0122	-0.0771	-0.0971	-0.3418	-0.1912	-0.1517	-0.0984	-0.0662	-0.1195	-0.1445	-0.2259
2	YLR457C	1	-0.2752	-0.2600	-0.0556	-0.3509	-0.5629	-0.4286	-0.3770	-0.5134	-0.4232	-0.4125	-0.2041	-0.2329	-0.3486	-0.6451	-0.4812	-0.4812	-0.4073
2	YCL060C	1	-0.7823	-0.8492	-0.5100	-0.5629	-0.8077	-1.0146	-1.0477	-0.9197	-0.8639	-0.8013	-0.5482	-0.5482	-0.5743	-0.8716	-0.9112	-1.1090	-0.8639
2	YPR018W	1	-0.2990	-0.2259	0.1138	-0.1710	-0.7187	-0.6273	-1.0362	-1.0477	-0.5167	-0.2041	-0.2123	-0.4907	-0.4370	-0.7135	-0.7352	-0.7760	-0.6405
5	YPL186C	1	-0.2259	-0.5339	-0.8013	-0.9462	-0.8492	-0.7523	-0.7187	-0.6405	-0.8210	-1.2660	-1.1090	-0.9838	-1.0477	-1.0255	-0.9285	-0.5375	-0.6542
2	YLL021W	1	-0.3672	-0.1960	0.1201	0.0530	0.1170	0.0363	-0.0114	-0.2191	-0.2311	-0.1263	0.0021	-0.0307	0.0259	-0.0352	-0.0674	-0.1664	-0.2453
2	YKL161C	1	-0.5979	-0.8871	-0.7352	-0.5555	-0.5591	-0.4629	-0.3463	-0.4600	-0.3868	-0.1402	0.0010	-0.0971	-0.1402	-0.3463	-0.4260	-0.4571	-0.3601
5	YHL028W	1	-2.0269	-2.3279	-2.1487	-1.5482	-1.1959	-0.6405	-0.3486	-0.2507	-0.5409	-1.6271	-1.1649	-1.3054	-0.9838	-0.8716	-0.6405	-0.4660	-0.3770
3	YEL061C	1	-0.9370	-0.8280	-0.5482	-0.4342	-0.3918	-0.4571	-0.5667	-0.6929	-0.9646	-1.1221	-0.8280	-0.6635	-0.4600	-0.4781	-0.6362	-0.7886	-0.8145
4	YBL032W	1	-0.2507	-0.1473	-0.2074	-0.1318	0.1876	0.0210	0.1644	0.0794	-0.0441	-0.0845	-0.1740	-0.0747	0.0102	0.0548	0.0861	0.0210	-0.0686
5	YOL070C	1	-0.0072	-0.0430	0.0220	-0.0188	-0.0114	0.1594	0.2642	0.3107	0.3407	0.3761	0.2395	0.2121	0.1162	0.2000	0.2535	0.4809	0.3430
2	YLR233C	1	-0.3918	-0.4073	-0.0510	-0.2713	-0.4314	-0.3672	-0.4660	-0.4206	-0.4571	-0.3509	-0.2025	-0.3241	-0.3745	-0.3241	-0.4125	-0.5591	-0.4781
2	YGR238C	1	-0.6231	-0.6979	-0.4512	-0.6451	-0.6273	-0.5940	-0.7886	-0.8351	-0.8716	-0.6780	-0.6542	-0.6061	-0.6878	-0.7352	-0.9551	-0.8639	-0.8077
2	YLR236C	1	-0.6878	-0.7298	-0.3555	-0.4629	-0.7409	-0.8564	-0.9112	-0.9940	-0.9462	-0.5167	-0.5591	-0.6635	-0.6635	-0.7948	-0.7523	-0.8639	-0.9838
2	YHR039C	1	-0.0735	-0.3625	-0.2810	-0.0895	-0.1023	-0.0441	0.0521	0.0316	0.0836	0.2318	0.2817	0.1686	0.1883	0.0316	0.0655	0.0326	0.1464
5	YML033W	1	-0.2140	-0.1168	-0.3135	-0.1222	0.1270	0.1346	0.2184	0.3901	0.2300	0.1479	-0.0307	-0.0579	0.0503	0.1842	0.2686	0.3518	0.3057
1	YBR052C	1	0.2790	-0.0408	-0.2259	-0.1976	-0.1388	-0.2208	-0.1896	-0.0556	0.0420	0.3137	0.1974	0.1948	0.1114	0.0708	0.1146	0.0593	0.3449
2	YLR313C	1	-0.7948	-0.4812	-0.0858	-0.3328	-0.5979	-0.7823	-0.9112	-1.2125	-0.8639	-0.8013	-0.3893	-0.4907	-0.4629	-0.8145	-1.0362	-0.8948	-0.9646
2	YGL027C	1	-0.2008	-0.2400	0.0051	0.0354	-0.0340	-0.1487	-0.1695	-0.1817	-0.2329	-0.0124	0.0269	0.0288	-0.0340	-0.1771	-0.1649	-0.2329	-0.1927
2	YLR103C	1	-0.2929	0.0259	0.4172	0.1942	0.0690	-0.1141	-0.2025	-0.4286	-0.3418	0.1091	0.1849	0.1608	0.0021	-0.2025	-0.2041	-0.3720	-0.3307
1	YGR044C	1	-0.2208	-0.6021	-0.7823	-0.6878	-0.5629	-0.3818	-0.5555	-0.6979	-0.3793	0.0171	0.0210	-0.0796	-0.2656	-0.3177	-0.5629	-0.4483	-0.1695
5	YHR152W	1	0.2020	0.2239	0.2437	0.2806	0.3102	0.3634	0.4955	0.5591	0.4533	0.5225	0.4021	0.2306	0.2147	0.2477	0.3744	0.4292	0.5059
3	YAL034W-A	1	-0.7886	-0.6187	-0.3555	-0.4970	-0.4812	-0.6273	-0.5743	-0.7409	-0.8639	-0.5270	-0.5339	-0.4690	-0.4455	-0.6542	-0.7464	-0.8871	-0.8716
5	YPR119W	1	-0.6635	-0.4286	-0.5409	-0.4660	-0.2140	-0.0858	0.0620	0.1162	-0.0020	-0.2545	-0.3601	-0.4483	-0.2889	-0.2008	-0.0650	-0.0833	-0.0650
3	YFR026C	1	-0.5743	-0.5375	-0.4370	-0.7464	-0.7582	-0.9197	-1.0711	-1.0039	-1.0146	-0.7701	-0.7582	-0.7242	-0.8716	-0.8639	-1.0830	-0.9838	-0.9940
1	YML110C	1	0.3612	0.3639	0.2985	0.1107	-0.1304	0.0111	0.1573	0.1573	0.2985	0.5298	0.4713	0.3626	0.2933	0.2730	0.3122	0.3425	0.3594
3	YLR455W	1	-0.3463	-0.2619	-0.4843	-0.0870	0.0031	-0.0533	-0.2008	-0.0820	-0.2949	-0.3010	-0.2157	-0.1517	-0.0870	-0.0199	-0.0051	-0.1531	-0.2346
1	YPL058C	1	-0.4907	-1.1361	-1.0039	-0.8210	-0.7409	-0.4843	-0.2656	0.0122	0.1177	-0.0533	-0.1115	-0.2752	-0.1075	-0.2123	-0.1088	-0.1695	0.0316
4	YNR009W	1	-0.6588	-0.3030	-0.0072	0.1909	0.3416	0.3439	0.2096	0.0475	-0.0487	-0.1049	0.0716	0.2575	0.2881	0.3346	0.1608	0.2395	0.0021
1	YEL032W	1	-0.3720	-0.2174	-0.3625	-0.3995	-0.4426	-0.4629	-0.2929	-0.0997	-0.1864	-0.1459	-0.3093	-0.4125	-0.4125	-0.4720	-0.5002	-0.2810	-0.2619
2	YJR043C	1	-0.2752	-0.0895	0.1551	0.1091	-0.0231	-0.0220	-0.0487	-0.0997	-0.1786	-0.4600	-0.0808	-0.0340	-0.0453	-0.1290	-0.1960	-0.3649	-0.2311
2	YPR174C	1	-0.4399	-0.3114	-0.0103	-0.2949	-0.7298	-0.6061	-0.7135	-0.5940	-0.6362	-0.5820	-0.3135	-0.2929	-0.4151	-0.6021	-0.6061	-0.5167	-0.5445
4	YMR215W	1	0.0699	0.0584	0.0602	0.2512	0.4906	0.5301	0.5036	0.3162	0.1323	0.1051	0.1795	0.1692	0.3317	0.5840	0.4318	0.4061	0.2215
3	YER017C	1	-0.3555	-0.3395	-0.4046	-0.4483	-0.2969	-0.4970	-0.3843	-0.3969	-0.3770	-0.3156	-0.3285	-0.3395	-0.3578	-0.3995	-0.5781	-0.4073	-0.3486
1	YNR001C	1	0.2033	-0.3307	-0.3793	-0.2453	-0.0796	-0.2208	-0.1430	-0.0591	0.1255	0.2970	0.2407	0.1413	0.1051	0.0566	0.0575	0.0521	0.1413
2	YLR381W	1	-0.5781	-0.5068	-0.2329	-0.3995	-0.5068	-0.4455	-0.5100	-0.7352	-0.7640	-0.6588	-0.3307	-0.4046	-0.4938	-0.7948	-0.6273	-0.6542	-0.6828
2	YNL262W	1	-0.1695	-0.1833	0.0457	0.0171	-0.0933	-0.1896	-0.2294	-0.2732	-0.1725	0.1208	0.1232	0.0210	-0.0041	-0.0870	-0.2140	-0.2600	-0.1849
5	YGR092W	1	-0.5743	-0.5100	-0.5002	-0.5482	-0.4046	-0.2790	-0.1208	-0.0579	-0.0521	-0.1896	-0.2790	-0.3072	-0.4046	-0.3697	-0.3440	-0.1710	-0.1710
1	YNL078W	1	-0.2732	-0.4206	-0.6146	-0.5591	-0.3995	-0.2619	-0.2771	-0.2563	-0.0591	0.2109	0.1508	0.0335	-0.1304	-0.2225	-0.2889	-0.0591	0.0584
2	YNL102W	1	-0.6317	-0.4542	-0.0167	-0.1236	-0.4151	-0.5591	-0.7523	-0.9112	-0.6878	-0.4125	-0.1236	-0.2208	-0.2929	-0.4232	-0.5859	-0.8013	-0.6273
2	YLR376C	1	-0.2849	-0.1088	0.1042	-0.0156	-0.0933	-0.1430	-0.2294	-0.3818	-0.2949	-0.0833	-0.0858	-0.1049	-0.1755	-0.1725	-0.3463	-0.2294	-0.2381
2	YOR074C	1	-0.7390	-0.4408	-0.1226	-0.2305	-0.4178	-0.5305	-0.7261	-0.7948	-0.8190	-0.4206	-0.2036	-0.1695	-0.3093	-0.4853	-0.6467	-0.6603	-0.7298
4	YIL169C	1	-0.7031	-1.0255	-0.4232	-0.2025	-0.1695	-0.2732	-0.2713	-0.3969	-0.3868	-0.5270	-0.5375	-0.5201	-0.3697	-0.3601	-0.3220	-0.4483	-0.5002
2	YMR078C	1	-0.4843	-0.2435	-0.0297	-0.1182	-0.3198	-0.3649	-0.4542	-0.5555	-0.5002	-0.2157	-0.1290	-0.0971	-0.2277	-0.4542	-0.4571	-0.5002	-0.5375
1	YIL009W	1	-0.4073	-0.2507	-0.4781	-0.6588	-0.6828	-0.5899	-0.7082	-0.6979	-0.3177	-0.1141	-0.1010	-0.1771	-0.2889	-0.3868	-0.5068	-0.3995	-0.1740
2	YHR153C	1	-1.4815	-1.1500	-0.5940	-0.8564	-1.3261	-1.1500	-1.2848	-1.5482	-1.3487	-0.9285	-0.6231	-0.5667	-0.8716	-1.0711	-1.1221	-1.3487	-1.2660
3	YPR141C	1	-0.6780	-0.7640	-0.3285	-0.1459	-0.2294	-0.2507	-0.4571	-0.6317	-0.7948	-0.8351	-0.6731	-0.6061	-0.4020	-0.4426	-0.5270	-0.8013	-0.7582
2	YBR073W	1	0.3061	0.3617	0.6358	0.4330	0.5467	0.2854	0.3531	0.2506	0.2300	0.4744	0.5364	0.5376	0.3608	0.3122	0.2785	0.2282	0.2448
3	YCR035C	1	-0.0946	-0.2990	-0.2057	-0.1277	0.0249	-0.0722	0.0584	-0.0352	-0.0396	-0.2242	-0.1755	-0.0627	-0.0419	-0.0870	-0.0430	-0.1634	0.0041
2	YGL028C	1	-0.8639	-0.8210	-1.1959	-1.0477	-0.9646	-0.9743	-0.9112	-1.0711	-1.1649	-0.3601	-0.2191	-0.3745	-0.4098	-0.7701	-0.9370	-1.0255	-0.7135
5	YCL038C	1	-0.3893	-0.4629	-0.5236	-0.3843	-0.4206	-0.3030	-0.1755	-0.1154	-0.0997	-0.1249	-0.2889	-0.3555	-0.3463	-0.6187	-0.2619	-0.3263	-0.2294
5	YPR167C	1	-0.0498	0.0269	0.0457	0.1761	0.3634	0.3206	0.1720	0.0828	-0.0135	-0.1036	-0.0051	0.0637	0.1544	0.2933	0.3355	0.3554	0.3365
3	YJR006W	1	-0.2752	-0.2929	0.0611	-0.0498	-0.1374	-0.1208	-0.1649	-0.2581	-0.2157	-0.3770	-0.6362	-0.0475	-0.1036	-0.1664	-0.2600	-0.3072	-0.2600
2	YGR109C	1	-0.3868	-0.1049	0.2460	-0.1332	-0.5859	-0.5482	-0.4690	-0.6828	-0.6103	-0.0340	0.0191	-0.1546	-0.3418	-0.3328	-0.4751	-0.5781	-0.4690
3	YNL072W	1	-0.9285	-0.6061	-0.4455	-0.6146	-0.6588	-0.8492	-0.8492	-1.0255	-0.7187	-0.3720	-0.4660	-0.3969	-0.6021	-0.6273	-0.6878	-0.7298	-0.8210
2	YMR179W	1	-0.2041	0.1170	0.4318	0.0708	-0.3818	0.0072	-0.0735	-0.2346	-0.2208	0.2620	0.4866	0.2096	-0.0051	0.0575	-0.0858	-0.2581	-0.1531
5	YHR151C	1	-1.0255	-0.9551	-1.0255	-0.8564	-0.9462	-0.8280	-0.6021	-0.5002	-0.4970	-0.7082	-0.6731	-0.8210	-0.8791	-0.9112	-0.6405	-0.7640	-0.7409
1	YDL181W	1	-0.2752	-0.3351	-0.3220	-0.4843	-0.3463	-0.1222	-0.1725	-0.3995	-0.1620	0.2692	-0.0114	-0.0340	-0.1771	-0.1101	-0.1208	-0.0062	0.1692
1	YGR183C	1	0.1699	-0.0103	-0.0297	0.1010	0.1114	0.0734	0.1842	0.2026	0.2372	0.5081	0.3365	0.1856	0.0903	0.1285	0.2886	0.2121	0.2670
2	YJL187C	1	-0.8419	-0.6146	-0.1605	-0.2140	-0.3601	-0.5134	-0.6731	-0.7523	-0.7948	-0.4455	-0.2694	-0.2849	-0.4046	-0.5445	-0.6231	-0.7640	-0.8280
3	YMR190C	1	-0.8280	-1.0830	-0.8791	-0.7352	-0.4512	-0.4399	-0.5002	-0.7031	-0.7640	-1.5482	-0.9197	-0.8145	-0.6588	-0.7031	-0.9285	-0.7582	-1.1649
4	YIL106W	1	-0.8419	-0.7082	-0.7640	-0.7187	-0.5409	-0.3440	-0.2157	-0.2600	-0.1710	-0.4178	-0.4571	-0.5667	-0.6187	-0.4512	-0.2713	-0.4342	-0.4629
2	YHR038W	1	-0.1346	-0.2008	-0.3114	-0.4342	-0.3672	-0.4125	-0.3135	-0.3135	-0.1833	-0.1277	-0.1049	-0.1786	-0.3263	-0.2400	-0.1927	-0.2490	-0.2829
2	YMR076C	1	-0.1649	0.1107	0.5511	0.4580	0.2897	0.1741	0.0557	-0.0568	-0.2123	0.3770	0.4364	0.3996	0.1587	0.1775	0.0870	-0.0408	-0.0908
2	YNL233W	1	-0.3093	-0.1141	0.1208	-0.1023	-0.3051	-0.3177	-0.3969	-0.3995	-0.3198	-0.2619	-0.0374	-0.0662	-0.2400	-0.3373	-0.4455	-0.3156	-0.3969
2	YNL310C	1	0.2552	0.1916	0.3910	0.2437	0.0593	0.0593	0.0122	-0.0031	0.0920	0.1630	0.2597	0.2675	0.1263	0.0646	-0.0285	0.1530	0.0845
3	YAR008W	1	-0.5134	-0.1115	0.2378	0.0010	-0.2174	-0.3509	-0.3486	-0.4483	-0.3241	-0.1023	0.0102	-0.0220	0.0575	-0.1740	-0.2929	-0.5035	-0.3843
2	YGL089C	1	-0.4600	0.1083	-0.0103	-0.2526	-0.5236	-0.2889	-0.5339	-0.4399	-0.1195	0.3171	0.3531	0.3112	0.1316	0.1922	0.2546	0.2980	0.4315
3	YDR113C	1	-0.5035	-0.3285	-0.0253	0.0288	0.1170	0.0021	-0.3220	-0.4098	-0.5339	-0.4600	-0.1740	-0.0253	-0.0510	-0.0959	-0.2174	-0.3893	-0.4571
2	YCL022C	1	-0.7886	-0.8871	-0.3868	-0.6231	-0.8639	-0.9031	-0.9112	-1.0711	-0.9462	-0.3625	-0.2949	-0.3672	-0.6146	-0.8492	-0.9370	-1.2660	-0.8492
2	YDL010W	1	-0.0329	-0.2008	0.2870	0.2020	0.1042	-0.0845	-0.1115	-0.1416	-0.0759	0.1308	0.1922	0.2147	0.1443	-0.0124	-0.0722	-0.1360	-0.0771
2	YDL018C	1	-0.1849	0.0278	0.2859	0.1308	-0.2949	-0.2140	-0.3463	-0.4571	-0.3198	0.0220	0.1193	0.0681	0.0383	-0.0959	-0.1833	-0.2107	-0.2140
5	YJR092W	1	-0.9370	-0.6451	-0.6828	-0.7031	-0.1695	-0.2656	-0.2829	-0.0031	-0.0093	-0.2889	-0.5555	-0.4125	-0.2675	-0.2656	-0.2057	-0.1546	-0.2471
4	YGL255W	1	-0.5339	-0.3793	-0.4542	-0.3625	-0.3072	-0.2242	-0.1101	-0.1880	-0.2381	-0.3745	-0.5035	-0.4455	-0.2771	-0.1864	-0.1075	-0.0329	-0.1880
3	YNL176C	1	-0.6061	-0.7298	-0.8419	-0.4600	-0.2849	-0.3030	-0.3135	-0.3868	-0.4125	-0.7352	-0.5100	-0.4260	-0.2889	-0.4342	-0.3995	-0.4690	-0.5201
2	YDR383C	1	-0.4314	-0.6317	-0.4073	-0.4073	-0.6187	-0.5743	-0.8639	-0.6731	-0.5940	-0.4542	-0.3532	-0.3263	-0.4542	-0.4314	-0.5555	-0.7464	-0.4342
2	YKR083C	1	-0.3532	-0.1075	0.0278	-0.0210	-0.0510	-0.1992	-0.2600	-0.1088	-0.1710	0.1486	0.0429	0.0785	-0.0946	-0.1036	-0.0858	-0.0686	-0.0638
1	YHR022C	1	-0.4512	-0.7464	-0.9285	-1.0362	-1.1500	-1.0362	-0.9551	-0.8716	-0.7242	-0.5445	-0.6146	-0.6635	-0.6061	-0.7760	-0.8210	-0.6979	-0.5518
2	YDL156W	1	-0.7523	-0.8564	-0.3625	-0.6187	-0.8210	-0.9462	-1.0477	-0.9112	-0.7823	-0.5339	-0.4970	-0.5339	-0.6780	-0.7409	-0.8791	-0.8716	-0.8210
2	YLR383W	1	-0.1912	-0.2294	0.2276	0.0681	-0.0082	-0.2329	-0.2107	-0.4938	-0.3995	-0.1222	0.0102	0.0326	-0.1976	-0.1304	-0.2157	-0.4426	-0.4907
5	YPR157W	1	-0.6273	-1.3487	-1.0146	-0.8639	-0.8419	-0.7352	-0.5270	-0.4812	-0.7298	-0.8871	-0.9743	-1.4815	-1.0958	-0.9031	-0.6362	-0.6103	-0.6405
5	YOL014W	1	0.0278	-0.1960	-0.6684	-0.2752	-0.2107	-0.1318	0.1802	0.1622	0.0354	-0.1195	-0.1679	-0.4260	-0.1725	-0.1168	0.1107	0.1239	0.1177
5	YOR315W	1	-0.4600	-0.4151	-0.2990	-0.3072	-0.1182	0.1516	0.3201	0.3626	0.1955	-0.0735	-0.1249	-0.0971	0.0503	0.1346	0.2741	0.4806	0.3250
2	YKL113C	1	-0.3532	-0.0363	0.3757	0.2865	0.0836	-0.1817	-0.3072	-0.3745	-0.2277	0.1398	0.1699	0.2483	0.0920	-0.0946	-0.2294	-0.3418	-0.2732
1	YMR007W	1	-0.4314	-0.2545	-0.4690	-0.3944	-0.3532	-0.4970	-0.4720	-0.2969	-0.2008	-0.0093	-0.2656	-0.4260	-0.5305	-0.3601	-0.4046	-0.3072	-0.4020
3	YGR189C	1	0.3930	0.3643	0.6370	0.4919	0.4371	0.3449	0.3235	0.2239	0.2184	0.5295	0.4401	0.4250	0.4269	0.3036	0.1544	0.3186	0.4061
2	YOL090W	1	-0.4970	-0.3843	-0.1517	-0.2619	-0.3745	-0.5445	-0.5134	-0.6635	-0.5305	-0.3051	-0.0188	-0.0475	-0.2311	-0.2346	-0.3509	-0.6451	-0.4751
3	YOR284W	1	-0.3241	-0.3463	-0.0093	-0.1575	-0.4151	-0.4399	-0.5409	-0.6273	-0.6780	-0.4874	-0.3177	-0.3328	-0.4399	-0.5339	-0.6929	-0.6146	-0.5704
5	YJL051W	1	-0.3843	-0.5100	-0.6231	-0.4874	-0.3625	-0.1236	-0.0722	-0.0430	-0.1115	-0.1605	-0.4690	-0.5629	-0.4751	-0.2752	-0.2259	-0.1575	-0.3156
2	YML102W	1	-0.3486	-0.1416	0.2140	0.0102	-0.2563	-0.3720	-0.4483	-0.4660	-0.3509	0.0593	-0.0385	-0.1128	-0.3010	-0.1992	-0.4342	-0.3969	-0.4970
2	YOR317W	1	-0.0275	-0.3601	-0.3995	-0.3010	-0.3578	-0.3263	-0.3285	-0.2025	-0.0385	0.0484	0.0945	0.0345	-0.0177	-0.0453	-0.0545	-0.0521	0.0061
4	YOR073W	1	-0.5035	-0.6588	-0.4206	-0.1154	-0.0231	-0.0199	-0.1531	-0.1725	-0.2656	-0.5518	-0.5068	-0.2311	-0.0946	-0.0453	-0.1560	-0.2771	-0.2790
5	YOR229W	1	-0.4206	-0.3093	-0.5591	-0.5339	-0.5068	-0.4125	-0.1725	-0.0662	-0.0883	-0.0808	-0.2752	-0.4907	-0.5781	-0.4483	-0.2810	-0.1771	-0.1620
4	YJL092W	1	-0.3720	-0.3198	-0.0959	0.0593	0.1308	0.1876	0.0010	-0.1023	-0.2191	-0.2208	-0.2208	-0.1236	-0.0771	0.0602	-0.0735	-0.2090	-0.2771
4	YOR274W	1	0.1208	0.0734	-0.0264	-0.1634	-0.1445	-0.0285	0.0673	0.1383	0.1146	-0.0820	-0.1459	-0.1473	-0.0984	-0.0959	-0.0946	-0.1402	0.0288
2	YLR326W	1	-0.2090	-0.4483	0.0141	-0.0020	-0.1075	-0.1944	-0.4370	-1.0146	-0.5167	-0.4260	-0.0820	-0.1263	-0.2471	-0.2364	-0.5667	-0.4073	-0.6146
1	YGL055W	1	0.1734	0.3057	0.5065	0.4529	0.3317	0.0466	-0.1374	-0.2526	-0.1976	0.1278	0.0768	-0.0662	-0.1049	-0.1416	0.0383	0.0210	0.1692
2	YHR110W	1	-0.0946	-0.1649	0.0664	0.0742	-0.2909	-0.2174	-0.4098	-0.5629	-0.2507	-0.0082	0.1361	0.0912	-0.1236	-0.0984	-0.1249	-0.2600	-0.2638
1	YKL185W	1	-0.0475	-0.2191	-0.3241	-0.2191	-0.1222	-0.1128	-0.2381	-0.0638	0.2730	0.6426	0.4445	0.1788	0.1083	-0.0385	-0.1128	0.0861	0.3545
3	YNL126W	1	-0.4751	-0.4600	-0.3532	-0.2507	-0.2400	-0.1817	-0.3156	-0.5375	-0.6542	-0.8791	-0.5859	-0.4426	-0.2545	-0.3030	-0.4232	-0.6684	-0.6103
3	YBL063W	1	-0.7760	-0.8948	-0.4660	-0.3486	-0.1473	-0.3177	-0.4232	-0.6187	-0.6021	-0.9551	-0.5591	-0.3486	-0.2869	-0.3868	-0.4970	-0.5201	-0.6146
4	YCR085W	1	-0.8419	-0.6273	-0.7948	-0.5555	-0.3156	-0.2869	-0.3770	-0.4938	-0.6979	-0.8564	-0.8210	-0.7948	-0.6731	-0.4455	-0.5167	-0.5704	-0.8564
1	YLR254C	1	0.2512	0.3472	0.2460	0.2512	0.0457	0.0297	0.2282	0.5833	0.3817	0.4065	0.3444	0.1138	-0.0441	0.1354	0.3360	0.3889	0.4199
1	YLR050C	1	0.4364	0.3992	0.4706	0.3830	0.2970	0.2944	0.2221	0.3102	0.2071	0.5730	0.5795	0.5100	0.4121	0.4863	0.4682	0.3504	0.2995
4	YOR188W	1	-0.5899	-0.4342	-0.3509	-0.3198	-0.2790	-0.1849	-0.2909	-0.3818	-0.5859	-0.6103	-0.6317	-0.4512	-0.4571	-0.4781	-0.4938	-0.6588	-0.7523
4	YCL012W	1	-0.9112	-0.8280	-1.0590	-0.6979	-0.4571	-0.4232	-0.3220	-0.2581	-0.3463	-0.4426	-0.7640	-0.7640	-0.5482	-0.6362	-0.5482	-0.5899	-0.5979
1	YMR254C	1	-0.9197	-1.0477	-1.2291	-1.0830	-0.9940	-1.1500	-0.8077	-0.7298	-0.4874	-0.6929	-0.8492	-0.9462	-0.9646	-0.8280	-0.8716	-0.8077	-0.6878
5	YJL079C	1	-0.3625	-0.2364	-0.5339	-0.5068	-0.6979	-0.6780	-0.3944	0.0429	0.0628	-0.1849	-0.2752	-0.4812	-0.6317	-0.6929	-0.4370	-0.2074	-0.0615
2	YDL003W	1	-0.3114	0.2448	0.6100	0.4280	0.1748	0.0539	-0.0579	-0.1575	-0.2675	0.3748	0.5579	0.4643	0.2552	0.1902	0.0785	-0.0833	0.0072
5	YDL048C	1	-0.1849	-0.7031	-0.6588	-0.4600	-0.2563	-0.2713	-0.2490	-0.1864	-0.2713	-0.5236	-0.5482	-0.5305	-0.5820	-0.7464	-0.4720	-0.2969	-0.2057
5	YLR297W	1	0.4296	0.1856	0.2384	0.3031	0.3472	0.2870	0.5011	0.6087	0.5268	0.6064	0.4765	0.3603	0.2757	0.3430	0.5450	0.6039	0.6294
4	YIL158W	1	-0.4232	-0.3720	-0.1168	0.0081	0.3167	0.4073	0.4460	0.4049	0.3421	0.1961	0.1331	0.0457	0.0646	0.3412	0.2891	0.4234	0.3740
2	YNL303W	1	-0.2311	-0.0833	0.1383	-0.0253	-0.1849	-0.2581	-0.2713	-0.2581	-0.2329	0.0041	0.0768	-0.0210	-0.1531	-0.1075	-0.1976	-0.1864	-0.1976
1	YBR158W	1	0.0171	0.1678	-0.0946	-0.0521	0.1308	0.1961	0.2437	0.1551	0.2306	0.6204	0.5702	0.4141	0.2471	0.2535	0.2384	0.2378	0.4041
1	YLR015W	1	-0.0638	0.0181	-0.1802	-0.2074	-0.2400	-0.1590	-0.1263	-0.0638	-0.0453	-0.2107	-0.2507	-0.1430	-0.1101	-0.1075	-0.0771	-0.0638	-0.0783
2	YLL002W	1	-0.6635	-0.4781	-0.0329	-0.1992	-0.3745	-0.4232	-0.7298	-0.4751	-0.3720	-0.1360	-0.1036	-0.0662	-0.2713	-0.4098	-0.3995	-0.4571	-0.4751
2	YDL127W	1	-0.4426	0.0802	0.1651	-0.2123	-0.2771	-0.2563	-0.4314	-0.5134	-0.2507	0.0041	0.1916	-0.0156	-0.1740	-0.1864	-0.3770	-0.3198	-0.3030
3	YBL052C	1	-0.4542	-0.6273	-0.6405	-0.3649	-0.1649	-0.2849	-0.1695	-0.2107	-0.2929	-0.4660	-0.4907	-0.3072	-0.2074	-0.2694	-0.2563	-0.3072	-0.3156
3	YER003C	1	-0.4843	-0.3263	0.0010	0.0363	0.0010	-0.1817	-0.1664	-0.2417	-0.3843	-0.3010	-0.1546	-0.0674	-0.0242	-0.1023	-0.2619	-0.2417	-0.3843
5	YHR023W	1	-0.4483	-0.5591	-0.4751	-0.4690	-0.2157	-0.0363	0.1435	0.1026	-0.0020	-0.0556	-0.1649	-0.2381	-0.2790	-0.0603	-0.0340	-0.0146	0.0307
2	YCL024W	1	-0.9197	-0.7242	-0.4073	-0.6979	-0.9197	-0.8871	-0.9197	-1.0039	-0.9551	-0.6878	-0.3944	-0.4629	-0.5339	-1.0590	-0.9462	-1.1221	-0.9743
5	YGR108W	1	-0.9370	-0.5339	-0.6731	-0.6635	-0.4542	-0.1679	-0.0352	-0.0984	-0.1182	-0.4286	-0.5002	-0.5305	-0.4571	-0.1960	-0.0959	-0.0984	-0.1360
2	YNL082W	1	-0.8210	-0.5859	-0.3893	-0.5781	-0.7582	-0.9551	-1.0711	-1.1361	-0.7187	-0.3944	-0.2471	-0.2713	-0.4751	-0.5236	-0.7031	-0.6496	-0.6061
2	YLR286C	1	0.1146	0.4061	0.0230	-0.2157	-0.1695	0.0410	0.0111	-0.1517	-0.2909	0.4375	0.6375	0.4449	0.2917	0.3634	0.2907	0.0777	0.1154
4	YCL014W	1	-1.0362	-1.0477	-1.1221	-0.8948	-0.6405	-0.5482	-0.4178	-0.3672	-0.5482	-1.1805	-0.9551	-0.9551	-0.7760	-0.6273	-0.6588	-0.8639	-0.6780
2	YDR507C	1	-0.1605	0.0870	0.4533	0.3107	0.2995	0.2165	0.0010	-0.0498	0.0081	0.2686	0.4720	0.4401	0.2084	0.2518	0.0961	-0.0264	0.1494
2	YPL241C	1	-0.8948	-0.7187	-0.2025	-0.2732	-0.5002	-0.5409	-0.5859	-0.6929	-0.6780	-0.4314	-0.2294	-0.3969	-0.3969	-0.4370	-0.5270	-0.8716	-0.5002
3	YLL061W	1	-0.7298	-0.6878	-0.5629	-0.2074	-0.0735	-0.3198	-0.6146	-0.7242	-0.6187	-0.6146	-0.7640	-0.6317	-0.5270	-0.7298	-0.6451	-0.4812	-0.4206
1	YNR016C	1	0.4037	0.5537	0.6640	0.5819	0.6519	0.4526	0.4412	0.3774	0.3421	0.6041	0.5382	0.4822	0.3558	0.4292	0.3922	0.4654	0.4394
4	YKL053W	1	-0.2600	-0.1849	-0.0114	0.1301	0.0819	-0.0396	-0.0662	-0.1976	-0.0845	-0.1416	-0.1560	-0.1010	-0.0210	-0.0114	-0.0722	-0.0253	-0.1010
1	YGR281W	1	-0.3868	-0.4690	-0.5409	-0.5629	-0.5482	-0.4020	-0.2771	-0.3010	-0.2123	-0.1388	-0.1590	-0.2435	-0.2929	-0.3509	-0.2810	-0.2790	-0.1880
3	YOL019W	1	-0.1896	-0.1141	0.1346	0.2090	0.1686	0.1216	0.0181	-0.0820	0.0210	0.2575	0.2546	0.3087	0.2020	0.0977	0.0131	0.1098	0.1122
1	YDL117W	1	-0.2909	-0.1502	-0.1679	-0.3010	-0.2869	-0.1036	-0.0883	-0.2294	-0.0167	0.1955	0.1138	-0.0510	-0.1049	-0.1771	-0.1679	-0.0627	-0.0210
2	YAR007C	1	-0.3418	-0.1416	0.3112	-0.0010	-0.2471	-0.3601	-0.3198	-0.4286	-0.3263	0.0887	0.1472	0.1185	0.0373	-0.0385	-0.2526	-0.3601	-0.2453
2	YLR382C	1	-0.3672	-0.4151	-0.2656	-0.5629	-0.5859	-0.5409	-0.5629	-0.7031	-0.6979	-0.5445	-0.3285	-0.3697	-0.4098	-0.8791	-0.5375	-0.5236	-0.5518
5	YKL129C	1	-0.2771	-0.4260	-0.5743	-0.5445	-0.3177	-0.3156	-0.2810	-0.0759	-0.2294	-0.2435	-0.3114	-0.4751	-0.4812	-0.3220	-0.2471	-0.2638	-0.2713
1	YKL150W	1	0.0802	-0.0933	-0.2107	0.0061	0.1331	0.0878	0.0716	0.0000	0.2653	0.3901	0.2990	0.2828	0.2045	0.1051	0.1968	0.3298	0.3350
