-0.75808	-0.90319	-0.98935	-0.73995	-0.67193	-0.12777	-0.95307	-1.01656	0.79730	2.11688	1.98537	0.61591	0.56603	-0.13684	-0.52228	-0.05068	0.78823
-0.48845	-0.70828	-0.47688	-0.65814	-0.45374	-0.47302	-0.71214	-1.02839	0.24048	3.11376	1.28952	0.44874	0.04379	-0.31104	-0.30332	-0.34575	0.82285
-0.42218	0.23887	1.84427	-0.02083	-0.61105	-0.65827	-0.79992	-0.39857	-0.09166	2.03314	1.58457	0.68744	0.14443	-0.72910	-1.46097	-0.82353	-0.51662
0.09824	0.55258	-0.89641	-1.19111	-1.11744	-0.76133	0.09824	2.16120	1.46126	1.03148	0.67537	-0.33155	-0.60170	-1.39987	-0.42978	-0.15963	0.81045
-1.29859	1.71422	-0.52745	-1.11926	-0.63505	-0.02532	-0.36605	-0.76059	1.44522	2.05496	-0.22259	0.20782	-0.36605	0.01055	-0.77852	-0.49159	1.15829
-0.40461	0.15884	-0.17072	-1.13816	-1.05311	-0.87238	-0.67039	0.25452	1.79605	2.31698	1.10502	-0.04315	-0.52155	-0.90428	-0.72355	0.05253	0.81798
-1.18187	-0.09527	-0.73766	-1.10670	-1.17503	-0.97002	0.01407	1.39452	1.30568	1.66105	0.56078	-0.47114	-0.68299	-0.75816	0.05507	1.33985	0.84781
-0.74382	-0.93650	0.03896	-0.76790	-0.65952	-0.40662	-0.35845	1.11077	1.29141	2.33913	0.91809	-1.05693	-0.79199	-0.86425	-0.14168	-0.18985	1.21915
-1.38479	-0.03287	0.70618	-0.82600	-1.25861	-0.68179	0.11133	1.82377	2.22033	0.61605	0.43580	-0.23115	-0.42943	-1.16848	-0.42943	0.05726	0.47185
-0.42287	0.87044	-0.35569	-0.60763	-0.87637	-0.99394	0.18180	2.21414	1.18957	1.64307	0.04742	-0.69161	-0.69161	-1.04433	-1.19550	0.28257	0.45054
0.45129	-0.79394	-1.09481	-0.95273	-0.71037	-0.20893	-0.69366	-0.96945	-0.20058	2.00575	2.03918	1.27031	0.24236	0.02507	-0.71037	-0.41787	0.71873
-0.91548	-0.33907	2.88207	0.87027	-0.01130	0.45209	0.20344	-0.73465	-0.79116	0.54251	0.80246	0.21474	-0.05651	0.01130	-0.58772	-1.22064	-1.32236
-0.95230	-0.89126	-1.11580	-1.10490	-0.80405	-0.44435	-0.52937	0.45384	0.50398	2.44640	1.66812	0.11593	-0.29828	-0.22198	-0.11080	0.14645	1.13837
-0.42286	-0.71013	-0.83755	-0.71013	-0.56186	-0.54565	-0.73562	-0.45530	0.53856	3.01047	1.43049	0.17948	-0.04293	-0.40433	-0.54565	-0.10548	0.91850
-0.43229	0.35748	0.18347	-1.12836	-1.44962	-1.24883	-0.53938	0.26378	0.61182	2.00396	2.01735	0.12992	-0.60631	-0.90080	0.14331	-0.20473	0.79922
1.10066	-1.36840	-1.47664	-1.14675	-0.56943	-1.07458	-0.81685	-0.48180	0.52850	1.94086	1.41509	0.63675	0.39448	0.10067	0.10582	0.07489	0.63675
-0.55084	-1.30718	-1.67185	-0.91100	-0.25370	-0.51032	-0.59586	-0.93801	0.66922	1.83975	0.95284	0.81328	0.21001	-0.41578	0.15598	1.23197	1.28149
-0.03699	-1.11599	-0.94027	-1.41503	-0.78304	-0.51175	-0.17880	-0.89711	-0.12640	1.92678	0.49634	0.38536	-0.06474	-0.32370	0.15414	1.63699	1.79422
0.35471	-1.01744	-1.51826	-1.05816	-0.81793	-0.63063	-1.15588	-0.80571	0.09820	1.56807	0.77817	0.63973	0.18778	0.13892	0.34250	1.95488	0.94104
-0.61916	-0.79230	-0.75648	-1.13261	-0.82215	-0.05198	-0.26094	-0.95350	-0.21915	2.74214	0.50326	0.37789	-0.27885	0.00176	-0.04601	0.53312	1.77495
-0.19331	-1.13160	-1.21090	-0.59858	-0.54131	-0.74395	-0.10080	0.02254	0.26923	3.06209	1.09740	-0.09199	-0.65585	-0.44440	0.67451	0.08862	0.49830
1.43510	-0.97660	-1.40105	-1.05377	-0.86083	-0.34955	-0.31097	-0.36885	-0.94766	0.58618	2.35155	1.10711	0.39325	0.72124	0.16173	-0.26273	-0.22415
0.49232	0.51382	0.02277	-1.03819	-1.87334	-1.43963	-0.81596	-0.81596	0.02277	2.14828	1.49951	0.50307	-0.01307	-0.14928	0.11955	0.34536	0.47798
1.26126	0.55898	0.20784	-0.49443	-0.67000	-0.60417	-0.84557	-0.51638	0.93207	2.20494	1.56851	-0.20913	-0.51638	-1.52590	-0.69195	-0.82363	0.16395
0.36415	-0.70828	-1.27570	-1.15087	-1.29273	-1.31542	-0.81042	0.71028	1.18692	0.74433	0.80674	1.58979	1.44226	0.34713	0.27904	-0.53238	-0.38485
1.49015	-0.68364	-1.25793	-0.99419	-0.70491	-1.08352	-1.18562	-0.76447	-0.47945	0.83504	1.53269	0.93288	0.07357	0.32456	0.20970	0.09059	1.66457
-0.56861	-1.23822	-1.54633	-1.17249	-0.35088	-0.61790	-0.45769	-0.57271	0.35571	1.69494	1.12803	-0.34266	-0.17423	0.89798	0.64738	0.45020	1.86748
-0.21170	0.63510	-0.50573	-1.07026	-1.12907	-0.88209	-1.18788	-1.16435	0.23522	1.67008	1.78769	1.15259	0.39988	-0.11761	-0.61158	-0.17642	1.17611
0.48268	0.94636	-1.93405	-1.58278	-0.83809	-0.12150	-0.37441	-0.72568	0.38433	2.14067	1.08687	0.55294	0.65129	-0.65543	-0.21985	0.32813	-0.12150
-0.75696	0.62268	1.98986	0.94034	1.82169	-0.35833	-0.45487	-0.95316	-1.19919	1.20505	0.45762	-0.09361	-1.10576	-0.55453	-0.84416	-0.24621	-0.47044
2.31493	2.20003	1.19168	0.40141	-0.28568	-0.60460	-0.65384	-0.34899	-0.23174	-0.15436	-0.50611	-0.72888	-0.86958	-0.89538	-0.65150	-0.51314	0.33575
-0.74556	-1.42581	-1.35522	-1.21404	-1.13061	-0.73272	-0.14873	1.17327	1.94336	0.78180	0.48018	-0.18082	0.49943	0.04379	0.49301	0.21706	1.30162
0.15878	0.84738	2.38983	1.90629	1.00958	-0.33089	-0.82974	-1.05009	-0.95215	-0.03402	-0.22683	-0.66141	-0.75629	-0.83892	-0.35843	-0.41352	0.14042
-0.54172	-1.04313	-1.41083	-1.51112	-1.44426	-0.64200	0.29396	0.09340	0.89566	1.69792	1.46393	0.59481	0.16026	-0.29102	0.26054	0.27725	1.14636
-0.93736	-0.94103	-0.73569	-0.75403	-0.59270	-0.52670	-0.75769	-0.77236	-0.15270	2.56059	1.42027	0.21396	-0.15637	-0.03537	-0.02804	0.74562	1.44961
1.06791	0.30566	-0.38853	-1.02827	-1.19161	-1.31071	-0.92278	0.39754	0.89776	2.37461	1.05770	0.08787	-0.40554	-0.89216	-0.60631	-0.14352	0.70039
-0.62731	-0.37310	-0.42394	-0.88153	-0.41123	-0.77984	-1.18659	-0.65274	0.83443	2.88086	1.11406	0.85985	0.08449	-0.48750	-0.39852	-0.23328	0.68190
1.43429	-0.52505	-0.44341	-0.06243	-0.57948	-0.96046	-1.01489	0.01921	1.40708	2.25068	0.99888	0.50904	0.26413	-0.76997	-0.63390	-1.04210	-0.85161
-0.57943	-0.80507	-0.97892	-0.91604	-0.67191	-0.23173	-0.64232	-0.74219	-0.12816	2.45743	2.12082	0.95564	0.27873	0.01610	-0.27612	-0.17255	0.31572
-0.92753	-0.45371	-1.18644	-1.09582	-0.58576	-0.34497	-0.14560	-0.50032	-0.20256	2.51088	2.01117	0.77873	-0.13007	-0.10159	-0.16890	-0.17149	0.71400
-1.06632	-0.36717	-0.46825	-1.10844	-1.04947	-0.08077	0.02032	-0.78834	0.54257	2.70742	1.74714	0.28145	-0.08919	-0.51879	-0.46825	0.19721	0.50888
-1.06917	-1.36937	-1.44084	-1.03344	-0.43305	-0.19004	0.46753	1.46102	2.26153	1.04647	0.13874	-0.42590	-0.44020	-0.25436	0.27455	0.43179	0.57474
-0.06168	0.25287	-0.58593	-1.08921	-0.60690	-0.62787	-0.06168	1.02877	2.83219	1.30138	-0.01974	-0.58593	-1.23600	-0.75369	-0.39720	0.10608	0.50451
-0.55027	0.59727	-0.73911	-0.34691	-0.09997	-0.86984	-0.75363	0.27770	1.04757	3.19739	0.51011	-0.52122	-1.01510	-0.14355	-0.40501	0.20507	-0.39049
-0.32592	-0.80293	-1.27994	-0.91301	-0.61946	-1.09647	0.22447	0.70148	2.86637	0.95833	0.00432	-0.43600	-0.50938	0.11440	-0.10576	0.22447	0.99503
-0.44646	-0.85191	-0.86066	-0.60981	-0.62147	-0.38520	-0.68565	-0.83149	-0.22186	2.75923	1.74123	1.03825	-0.00601	-0.15477	-0.41146	-0.00017	0.54821
-0.56251	-0.70091	-0.91180	-0.75363	-0.47024	-0.21981	-0.62182	-0.71409	0.09653	3.00949	1.62550	0.53809	0.05040	-0.11436	-0.39116	-0.40434	0.54468
-1.20950	-1.51725	0.00226	-0.36319	-0.80558	-0.09391	-0.36319	-0.28625	-0.01697	2.00264	2.32962	0.86781	0.32925	-0.24778	-0.26702	-0.78635	0.42542
1.35694	-0.54876	-1.15676	-1.07963	-0.90267	-1.14315	-1.05694	-0.60774	-0.18123	1.66095	0.73078	0.71264	0.18630	-0.03603	0.20445	-0.09502	1.95588
-0.01932	-0.52303	-0.80774	-0.63253	-0.34783	-0.09233	-0.72014	-0.68363	0.56469	2.87882	1.40420	-0.17263	-0.16533	-0.53763	-0.64713	-0.77124	1.27280
2.13732	-0.06297	-0.83604	-1.16311	-1.43071	-1.16311	-0.92524	-0.62790	0.05597	1.27505	0.73984	0.41277	0.79931	-0.21163	-0.41977	0.20464	1.21558
-0.30568	-1.41849	-1.57963	-1.03077	-0.71858	-0.60276	-0.76893	-0.46681	0.50502	2.03577	0.89778	0.79203	0.24318	0.03673	0.05687	1.00352	1.32075
0.40731	0.31738	-0.74673	-0.67179	-0.83665	-0.74673	-1.34622	-0.17720	1.50139	1.99597	1.50139	0.27242	0.12254	-1.24131	-0.83665	-0.34207	0.82695
-0.48655	-0.87530	-1.22219	-1.13846	-0.82746	-0.45067	-0.49851	-0.43273	0.37468	2.28254	1.75025	0.90098	0.03975	-0.31909	-0.53440	0.37468	1.06247
-0.17372	0.69214	-0.76126	-1.48797	-0.77673	-1.00865	-0.90042	0.63029	1.15599	1.99093	1.23330	0.72306	-0.65303	-0.88496	-0.76126	0.13552	0.84676
-0.61472	-0.37296	-1.15282	-1.28540	-0.79409	-0.77069	0.03257	0.05597	1.77167	1.25696	-0.10780	-0.17799	-0.31837	-0.63811	-0.29497	1.48312	1.92764
2.00148	0.29635	-1.15513	-1.35242	-1.19741	-1.19036	-1.07058	-0.37302	0.09906	1.12073	1.09254	0.84593	0.47954	-0.30256	-0.02777	-0.28143	1.01504
2.38645	0.30011	-0.75672	-0.72028	-1.08470	-0.46518	-1.52201	-1.13936	-0.30119	1.54827	0.80120	0.30923	-0.51073	0.09968	-0.01876	0.39122	0.68276
-0.23603	0.36908	-0.26515	-0.23603	-1.15825	-1.21326	-0.36223	2.57271	0.62148	0.81563	0.34966	-0.89938	-1.44301	-0.80878	0.29142	0.67649	0.92565
-0.68520	-0.98354	-0.97639	-1.04382	-0.96515	-0.90180	0.15362	-0.15800	-0.48290	2.40136	0.73394	0.11581	-0.66988	0.29870	0.96178	0.72066	1.48081
1.93413	0.02423	-0.94112	-0.58744	-1.45293	-1.26984	-1.04515	-1.00354	-0.64569	1.28502	1.36824	0.40288	0.46114	0.34879	0.18651	0.08249	0.85227
0.89100	-0.36141	1.24546	-0.64497	-0.45593	-1.21210	-0.85764	-0.38504	-0.05421	2.07252	1.03279	0.56018	-0.69223	-0.33778	-0.76312	-1.37751	1.33998
1.56602	-0.19206	-0.22973	-0.74460	-1.04598	-1.19667	-1.64875	-0.94552	0.12188	0.39815	1.22696	2.06832	0.38559	0.33536	-0.54367	-0.05392	0.49861
0.26189	-0.07539	0.59917	-0.21385	-0.86711	-0.88487	-1.33931	-0.77481	-1.42451	1.78143	1.86663	1.02166	0.03822	0.76248	0.57432	-0.47658	-0.84936
-0.98280	-0.69270	0.07105	-0.54469	-0.68086	-0.52100	-0.93544	-0.97688	-0.19538	2.38596	1.98336	1.06569	0.36707	-0.01184	-0.43812	-0.47364	0.58021
-0.09593	-1.07776	-1.28301	-1.30520	-0.95573	-0.78932	-0.48423	0.49761	1.37404	1.72906	-0.01827	-0.09038	-0.50642	-0.21242	0.44213	1.72351	1.05231
0.77305	2.14312	-0.77729	-1.08375	-1.42627	-0.52491	-0.11028	0.77305	1.06148	-1.11981	-1.53443	-0.32661	0.10604	0.14210	0.57475	0.77305	0.55672
