-1.46188	-1.74081	-1.04350	-0.40198	1.46681	2.02465	0.65793	0.10008	0.10008	-1.07139	-0.82036	0.18376	0.35111	0.74161	0.51847	0.23955	0.15587
-1.36396	-1.03654	-1.18537	-1.06631	-0.45611	0.58568	1.56794	1.19587	1.98466	0.13920	-0.06916	-0.56029	-0.75377	-0.03940	1.10658	0.04990	-0.09893
-1.81637	-1.08263	-0.96034	-1.02148	1.66890	1.36318	1.42432	0.69058	-0.16545	-0.34889	-0.59347	-0.16545	0.26256	0.93516	0.44600	-0.83805	0.20142
-1.72573	-1.77645	0.40458	0.92194	1.72334	0.69876	0.01910	-0.35624	-0.97505	-0.85332	-0.43740	0.15097	0.62775	1.24656	0.97266	0.04953	-0.69101
-0.92310	-0.94508	-1.07696	-0.59342	0.35166	0.85717	1.78027	2.21985	0.85717	-1.16487	-0.74728	-0.74728	-0.21979	0.41760	0.26374	-0.50551	0.17583
-0.80905	0.04942	0.65219	0.90790	1.27321	2.25955	1.16362	0.41473	-0.79079	-0.90038	-0.99171	-0.06017	-0.09670	-0.22456	-0.31589	-1.10130	-1.43008
-1.00311	-1.37785	-0.43406	0.35242	1.07414	1.51827	0.72716	1.07877	-0.55435	-1.39635	-0.39243	-0.78567	-0.23050	1.54603	1.12040	-0.36467	-0.87820
0.29454	-1.59894	-1.09401	-0.18935	-0.31558	2.06179	1.89348	0.00000	0.14727	-0.29454	-1.36751	-0.65220	-0.21039	1.15713	0.48389	0.08415	-0.39973
-0.87490	-1.57719	-1.27621	0.07820	0.73032	1.23195	0.70523	-0.49868	-0.27295	-1.50194	-1.05048	-0.19770	1.20687	1.23195	1.23195	0.45442	0.37917
-1.03506	-1.26889	-0.95155	-0.77617	-0.63420	-0.18324	1.77930	1.77095	1.81270	0.11741	-0.27510	-0.78452	-0.26675	-0.52563	0.61013	0.60178	0.00884
-1.27678	-1.10499	-0.08172	1.00877	1.65858	2.25611	0.55315	-0.11907	-0.70913	-0.71659	-0.71659	-0.23857	0.03032	1.01624	0.05272	-0.66431	-0.94814
-1.57833	0.08352	-0.19077	1.06772	1.34201	0.90638	1.27747	1.09999	-0.77161	-0.73934	-1.01363	-0.90068	0.42234	0.79344	0.51915	-0.91682	-1.40085
-1.37568	-0.68707	-1.05086	-0.59613	-0.27131	0.30036	1.28779	0.58619	0.19642	-0.66109	-1.25874	-1.01189	-0.07643	0.59918	1.31377	2.11931	0.58619
-0.44395	3.40084	0.35349	-0.55787	-1.18443	-0.84267	0.23957	0.58133	0.18261	-0.30155	-0.33003	-0.72875	-0.27307	-0.35851	0.43893	0.15413	-0.33003
-0.61994	-0.83114	-2.09834	-0.09193	1.59767	1.97783	0.58391	0.98519	-0.09193	-0.66218	-0.87338	-0.74666	-0.00745	0.45719	0.71063	0.18263	-0.47210
1.55805	0.98949	-0.02018	-1.07887	-0.95143	-0.03979	0.92087	1.78351	1.47962	-0.49071	-0.96124	-0.97104	-0.61814	-0.59854	-0.58874	-0.92203	0.50916
-2.14592	0.08034	1.34346	-0.48807	-0.98542	-0.86701	0.73558	0.36454	-0.44860	-0.93016	-0.51965	-0.33018	0.28560	0.47507	1.70661	1.49346	0.23033
-1.60405	-1.49495	-0.14205	1.32723	1.19630	0.52712	-0.00385	-0.81850	-0.54210	-0.78940	-0.88396	-0.09113	0.54167	1.92366	0.94172	0.42529	-0.51301
-1.74076	-1.08277	-0.22231	-0.34041	0.01389	2.25783	2.35906	0.16574	-0.34041	-0.18857	-0.22231	-0.39103	-0.28980	-0.27292	0.19948	0.48630	-0.39103
-1.25558	-1.25558	-1.25963	-0.60250	-0.14412	-0.07111	-0.15223	-0.48892	-0.54976	-0.52542	-0.20497	0.05464	0.40755	1.12553	1.42165	2.20048	1.29996
2.15286	1.17416	0.40031	0.10443	0.71896	1.33349	0.42307	-0.16869	-0.82874	-1.12463	-1.80744	-1.23843	-0.37354	0.10443	-0.05489	-0.21421	-0.60114
-0.69146	0.02136	-1.02770	-1.65983	0.22310	1.82359	1.21837	-0.18038	-0.34178	-0.81251	-0.09968	-0.82596	-1.09495	1.29906	0.55934	1.46046	0.12896
-0.27668	1.42526	-0.95745	0.16686	1.61092	1.80690	-0.09101	0.13591	-0.44171	-1.30815	-1.19469	-0.69958	-0.42108	1.33242	0.00182	0.04308	-1.13280
-0.79216	0.15118	-0.36887	0.14513	0.41120	0.93124	0.85263	2.70906	-0.22979	-1.05218	0.26002	-0.93124	-0.43539	0.29630	0.62889	-1.23964	-1.33639
-1.22318	-1.08276	-1.04766	0.12252	2.02992	2.24055	0.82463	0.23954	0.12252	-0.76681	-0.96574	-0.45086	0.18103	0.43847	0.07572	-0.14662	-0.59129
-1.34835	-0.55538	-0.69283	-0.33336	1.15741	2.17241	-0.07961	-0.40736	-0.70340	-1.18975	-0.73512	-0.35450	0.52304	1.84465	0.86137	0.06841	-0.22763
-0.98824	-0.23340	-0.85275	0.11499	1.79887	2.06983	1.27628	0.46338	-0.52372	-1.02695	-0.93017	-0.85275	-0.42695	0.77306	0.32789	0.03757	-1.02695
-0.98436	-1.06608	-0.79158	0.92667	1.67683	1.71455	0.72341	-0.24886	-0.81672	-1.23161	-0.94245	-0.38297	0.09060	1.43167	0.63750	-0.12523	-0.61137
-1.91695	-1.45471	-0.64774	0.29633	1.36576	1.38535	0.40994	-0.42837	-0.79660	-0.97680	-0.32260	0.72332	0.94269	1.30700	0.12397	0.60189	-0.61249
-1.18673	-1.58288	-0.90942	0.71483	1.47744	1.50715	0.44743	0.31867	-0.22604	-1.32538	-1.19663	-0.03787	0.87330	1.27936	0.42762	-0.28547	-0.29537
-1.04043	-1.07532	-1.06995	-0.34797	1.14432	1.47981	1.25167	-0.02052	-0.83376	-0.92770	-0.65662	-0.69688	0.06536	1.98976	0.69878	0.52164	-0.48217
1.92118	2.06658	0.32180	-0.09622	-0.00535	1.23054	0.84887	-0.49606	-0.67781	-0.96861	-1.11401	-1.27758	-0.76869	-0.18709	0.15823	-0.29614	-0.65964
-0.48524	1.56423	0.36017	-0.12659	-0.43401	1.15434	1.61547	-0.97199	-0.33153	-0.84390	-1.43313	-1.30503	-0.74143	1.07748	0.97501	0.61635	-0.69019
-1.67510	-1.61588	-1.18953	-0.86977	0.45369	1.05769	1.35673	1.03993	0.61062	-0.17695	-0.44342	-0.75430	-0.69212	0.60469	0.29381	1.17908	0.82083
-1.63380	-1.11162	-1.23864	-0.01079	0.11623	0.21502	1.03358	0.08800	-0.33539	-1.36565	-0.68822	0.10211	0.77954	1.30173	1.76746	1.21705	-0.23660
-0.87560	-0.96054	-1.47016	0.35599	0.69573	2.28830	0.99301	0.65327	-0.11117	-1.74621	-0.23857	-0.51462	0.44092	0.54709	0.80191	-0.42968	-0.42968
-1.85783	-1.69400	-1.33990	-0.25119	1.15990	0.31430	0.40943	-0.14021	-0.45731	-0.14549	-0.17720	0.47814	0.19803	1.27089	1.33431	1.41358	-0.51544
-1.42755	-0.89344	-1.21891	-0.80164	2.03577	0.29994	1.75203	0.83404	-0.21747	-0.50121	-1.04366	-0.43445	0.20814	0.60037	0.90081	0.29994	-0.39272
-1.25303	-0.80186	-0.76964	-0.58702	0.51941	-0.02843	1.47545	0.78796	-0.24328	-0.69444	-1.44639	-1.14561	-0.04992	0.22937	1.80846	1.31432	0.88464
-1.20791	-1.00994	-1.47786	-0.61401	0.51979	0.73576	1.49162	2.06753	1.29366	0.60978	-0.82997	-0.82997	0.01588	-0.38005	0.01588	-0.18209	-0.21808
-0.94921	-0.62996	-0.94921	-0.48485	0.09560	0.96628	1.66282	2.44642	0.96628	-0.94921	-0.42680	-0.77507	0.50192	-0.92018	-0.13658	-0.36876	-0.04951
-1.24101	-1.00760	-1.61747	0.21215	1.35660	0.91990	1.33402	1.46954	0.91990	-0.88713	-1.19583	-0.79678	0.39285	0.09168	0.24227	0.23474	-0.42784
-1.09911	-0.59311	-1.03740	-0.17351	1.38151	1.01127	1.25810	2.20838	0.62869	-1.32125	-0.92633	-0.67950	0.40654	-0.39565	-0.25990	-0.13648	-0.27224
-0.80252	-0.06143	0.47755	0.56177	0.62914	2.09448	0.51124	-0.22986	-0.86989	-0.71831	-1.69520	-1.32466	0.20806	1.18496	0.56177	0.71335	-1.24044
-2.00807	1.28729	-0.12622	-1.06289	-1.16507	1.03183	1.65344	0.29102	0.60608	-0.38168	-0.78189	-0.87556	-0.72228	0.53796	0.20587	0.89559	0.61459
-1.31705	0.26294	-0.52706	-0.12706	0.38294	1.66293	0.78294	-0.47706	-0.34706	-1.38705	-1.36705	-0.89705	-0.03706	1.66293	0.43294	1.55293	-0.25706
-1.35047	-2.05392	-0.13542	1.55925	1.89498	0.91975	0.93574	0.02445	0.08840	-0.67900	-0.72696	-0.64702	0.20031	0.26426	0.53605	-0.27931	-0.55110
-1.20226	-1.13471	-0.12147	1.50935	2.08834	1.48040	0.92071	0.13907	-0.01533	-1.42420	-0.65222	-0.40132	-0.02498	0.22592	-0.17937	-0.35307	-0.85486
-1.55893	-1.04410	0.54717	2.40756	1.70553	0.24296	-0.02615	-1.13771	-0.20166	-0.70479	-0.82179	-0.35377	0.44187	0.54717	-0.08466	0.39507	-0.35377
-0.60113	0.57930	-0.24700	1.00089	2.02112	1.21168	0.23361	0.52028	-0.74447	-1.10703	-1.46959	-0.76976	-0.23013	1.00089	0.52871	-0.39877	-1.52861
-0.77558	-1.31756	-0.36171	0.61386	1.80621	2.02300	0.29852	-0.16462	-0.75587	0.02261	-1.06135	-0.78543	-0.45039	0.56458	0.19998	1.25437	-1.11062
-0.45945	-1.44754	-0.69471	1.04622	0.99917	1.32853	-0.55355	-0.31829	-0.69471	-1.49460	-1.25934	-0.36535	0.43454	0.95211	0.90506	1.61084	0.01107
