-0.37784	0.55571	2.98645	0.43241	-0.75361	-0.69489	-0.55398	-0.88278	-0.78884	0.90212	1.20156	0.34434	-0.26628	-0.24280	-0.56572	-0.74186	-0.55398
-0.52357	0.09400	2.78305	0.54817	-0.25494	-0.38510	-0.78666	-0.52080	-0.81990	1.26267	1.58945	-0.29925	-0.28818	-0.26048	-0.67035	-0.79497	-0.67312
-0.93147	1.26476	1.94147	-0.27322	-0.49469	-0.42702	-0.90687	-1.07297	-0.40856	0.76031	2.18140	0.64342	-0.12557	-0.17479	-0.77768	-0.62388	-0.57466
-1.15003	0.68249	2.27427	1.87184	-0.03614	-0.35953	-0.59309	-0.92725	-1.00990	-0.09363	1.01666	0.68609	0.03572	-0.24095	-0.53560	-0.79430	-0.82664
-1.00453	1.16378	2.76002	0.57880	-0.13536	-0.33466	-0.46384	-0.65207	-1.26658	-0.36603	0.55111	1.17116	0.08424	-0.27746	-0.55795	-0.22394	-1.02668
-1.85329	0.25511	0.95869	0.86692	0.14451	0.17981	-0.51672	-0.86027	-1.44385	0.50689	2.19643	1.06223	0.12333	0.32335	-0.39435	-0.75909	-0.78968
-1.08147	-0.51034	2.07335	1.61100	0.60473	-0.14318	-0.68712	-0.89109	-0.98628	0.15598	1.18946	1.08067	0.35996	-0.26557	-0.53753	-0.91829	-1.05427
-1.13183	0.04638	2.19693	0.90265	-0.19671	-0.53397	-0.77267	-0.93911	-1.08365	0.61577	1.76988	1.11946	0.08580	-0.14634	-0.47265	-0.81866	-0.64128
-1.10268	-0.40790	2.19009	1.40339	0.34636	-0.17540	-0.58362	-0.88100	-1.18378	0.84378	1.24389	0.98977	-0.23488	-0.16189	-0.48630	-0.84315	-0.95669
-1.24551	-0.45519	1.82024	0.47409	-0.26412	-0.11648	-0.83732	-0.92417	-0.92417	0.76069	2.10684	1.07334	0.39593	0.30039	-0.35965	-0.76784	-1.03707
-0.87605	0.05312	2.33024	1.30946	-0.15627	-0.88914	-0.84988	-1.00692	-0.86297	0.38029	1.51885	0.77290	0.40646	0.01386	-0.54888	-0.82371	-0.77136
-1.38305	-0.95091	2.01009	1.36987	-0.10262	-0.29469	-0.48675	-0.87088	-0.82286	0.26550	1.75400	0.47357	0.47357	0.23349	-0.23067	-1.33504	-0.10262
-0.82702	0.33987	2.08454	1.25752	-0.10196	-0.32854	-0.71373	-1.06493	-0.88366	0.52114	1.16689	1.43879	0.44183	-0.71373	-0.72506	-0.88366	-1.00828
-1.64035	-0.33711	1.48408	0.36463	-0.53761	-0.60444	-0.85506	-0.37053	0.14742	0.73221	2.16911	1.43395	0.48159	-0.53761	-0.25357	-0.95531	-0.72140
-2.14185	-0.39895	0.64300	-0.03900	-0.39895	-0.81573	-0.53156	-1.04307	-0.47473	-0.00111	1.13556	2.31013	0.58617	1.09767	0.41567	-0.09584	-0.24739
-0.65282	-0.32055	2.53702	2.00538	0.60982	0.51014	-0.55314	-1.01832	-0.78573	0.01173	0.07818	-0.05473	-0.22087	0.24432	-0.28732	-1.11801	-0.98510
-0.81087	-0.19448	1.72941	0.59002	-0.53069	-0.25051	-0.92294	-0.92294	-0.53069	0.08570	1.87884	1.97223	0.45927	-0.36258	-0.34390	-1.07237	-0.77351
-0.43997	0.66325	2.85098	0.74739	-0.42127	-0.47736	-0.79524	-0.80459	-0.48671	-0.21558	1.25226	1.01852	-0.10339	-0.56151	-0.96353	-0.46801	-0.79524
-0.46611	0.42952	3.01689	1.13856	0.01902	-0.44123	-0.66514	-0.98856	-0.59050	-0.47855	0.84002	0.39220	0.50416	-0.50342	-0.82685	-0.64026	-0.73977
-0.57187	-0.26687	1.10561	-0.38125	-0.68624	-0.26687	-0.87687	-1.18186	-0.80062	0.60999	2.09686	1.82998	1.14374	0.11437	-0.80062	-0.87687	-0.19062
-0.75203	0.33010	2.36030	1.35478	-0.38813	-0.62754	-0.69457	-1.08720	-0.68499	0.38756	1.19198	1.26859	-0.06253	-0.21575	-0.53177	-0.82864	-1.02017
-1.35282	-0.59840	1.70173	0.57178	0.49801	0.00513	-0.91023	-1.06782	-0.88676	0.30354	1.87943	1.58102	-0.03846	0.20295	-0.56152	-0.99741	-0.33017
-0.34287	0.87069	-0.58420	-1.01860	-0.95195	-0.54053	-0.61178	-0.92437	-1.11284	1.05686	2.61748	1.10283	0.29609	0.63855	0.29149	-0.44630	-0.34057
-0.97787	1.22604	2.48542	0.69081	0.31299	0.18705	-0.06482	-0.28521	0.09260	-0.03334	1.13159	0.12409	-0.66302	-0.75748	-0.72599	-1.54459	-1.19826
-0.83742	-1.11775	1.13711	1.51495	0.68614	-0.42301	-0.59365	-0.69116	-1.06900	0.92991	1.40526	1.42964	0.68614	-0.65459	-0.55708	-1.06900	-0.77648
-0.55689	0.20787	2.76585	1.05174	-0.26022	-0.62282	-0.81401	-0.85357	-0.56349	1.39456	0.74847	0.34631	-0.41185	-0.04266	-0.78105	-0.68875	-0.91949
0.35913	0.66168	2.98119	0.92543	-0.66487	-0.51748	-0.99069	-0.99844	-0.29251	0.76252	0.72374	-0.23045	-0.09081	-0.65711	-0.68814	-0.74245	-0.54075
-0.65777	0.75872	2.79727	0.09170	-0.28303	-0.54535	-0.64278	-0.89010	-0.74770	0.95358	1.32832	0.50390	-0.05070	-0.14813	-0.67275	-0.88260	-0.91258
-0.67616	-0.18785	2.34156	1.47238	-0.05113	-0.50037	-0.91054	-1.13516	-0.79335	-0.04136	1.47238	0.84735	0.46647	-0.08043	-0.56873	-0.98867	-0.66639
-0.65946	0.45818	3.08894	1.05999	-0.88299	-0.41874	-0.86579	-0.71104	-0.79702	0.49257	0.83646	0.20027	-0.05765	-0.60788	-0.24679	-0.57349	-0.31557
-0.22573	1.00572	2.70592	0.52109	-0.42435	-0.63886	-0.56735	-0.87720	-0.71036	1.08517	1.27585	-0.42435	-0.10655	-0.17011	-0.78186	-1.09171	-0.57530
-0.57025	-0.65111	1.08289	0.81336	-0.07610	-0.68705	-0.90268	-1.11830	-0.58822	1.88251	1.90946	0.84930	0.62469	-0.03118	-0.82181	-1.05541	-0.66009
-0.75935	-0.10443	1.94497	0.91322	0.16157	-0.71301	-0.90444	-1.11402	-1.15432	1.14294	1.52985	1.24370	0.16761	-0.31602	-0.40469	-0.97497	-0.65860
-0.79051	0.14875	2.78991	1.00371	0.33740	-0.34897	-0.58981	-1.02331	-0.88283	0.53007	0.94752	0.80703	0.05242	-0.58981	-0.59382	-0.93501	-0.86276
-0.80204	-0.22714	2.63205	0.36810	-0.56292	-0.84274	-0.75116	-0.98010	-0.76642	0.86159	1.24315	1.04983	0.56651	0.19003	-0.57818	-0.84274	-0.55783
-0.60220	-0.09881	2.22014	1.25863	0.22641	-0.50605	-0.99529	-1.22436	-0.96135	0.35932	1.17096	1.44245	0.17267	-0.20062	-0.61917	-0.75208	-0.89065
-1.23217	-0.91210	1.38471	1.66329	1.18615	-0.18008	-0.91506	-1.28848	-0.94174	1.10613	0.55193	1.16540	-0.30752	0.39486	-0.36976	-0.56239	-0.74317
-1.11867	0.92995	2.48092	0.70770	-0.14751	-0.54370	-0.90125	-1.06069	-1.08002	0.11823	0.98310	1.03625	0.61106	0.01677	-0.64034	-0.70798	-0.68382
-0.89594	0.36829	1.78302	1.39171	0.30809	-0.29392	-0.86584	-0.86584	-0.83574	-0.56483	1.06061	1.30141	1.27131	-0.32402	-0.83574	-1.04644	-0.95614
-0.84522	-0.13440	2.20624	0.59673	-0.58628	-0.71321	-0.84522	-1.06862	-0.81984	1.24155	1.81528	0.77444	0.07377	0.18039	-0.57105	-0.72844	-0.57612
-0.96175	-0.02982	3.11415	1.29126	-0.51626	-0.03494	-0.48042	-0.92078	-0.63404	-0.39337	-0.06566	0.61024	0.20572	0.58464	-0.57771	-0.56747	-0.62379
-1.62110	0.12327	1.94033	0.57148	-0.07660	-1.01541	-0.04632	-0.91850	-1.42122	1.86764	0.75319	0.46851	-0.84582	0.13539	0.42612	-0.40973	0.06876
0.26530	0.03589	2.56848	0.54058	-0.26692	-0.65690	-0.73031	-0.45502	-0.95053	0.90303	1.74723	0.36623	-0.63854	-0.09716	-0.55137	-1.09276	-0.98723
-0.55579	0.35126	2.75925	1.26910	0.45924	-0.02668	-0.32903	-0.60978	-0.80415	-0.31823	0.86957	0.54563	0.12450	-0.55579	-0.73936	-1.18208	-1.25767
-0.73086	-0.59109	2.23369	0.90222	0.01212	-0.47339	-0.73086	-0.92212	-0.86327	0.43142	1.57163	1.51278	0.17395	-0.16443	-0.62787	-1.03982	-0.69408
-0.79613	-0.04694	0.97911	-0.01437	-0.63326	-1.07300	-1.25215	-1.33358	-0.51925	0.94654	2.07031	1.85859	0.47423	0.22993	-0.47040	-0.29124	-0.12838
-0.70334	-0.27324	1.06007	0.33965	-0.23023	-0.85387	-0.75710	-1.16569	-0.81086	0.10310	2.21058	1.93101	0.52244	0.50094	-0.12270	-1.12268	-0.62807
-0.25831	-0.40997	2.66265	1.21206	0.68457	-0.42315	-0.33744	-1.16164	-0.94405	0.05159	0.80326	0.95491	-0.28469	0.01202	-0.35722	-1.04955	-1.15504
-0.95856	-0.16308	2.26669	1.53028	0.32524	-0.60020	-0.87587	-0.99401	-0.71047	0.60484	0.77023	1.25855	0.36462	-0.35604	-0.71441	-0.93887	-0.80892
-0.42083	-0.96851	2.83101	0.98260	-0.35237	-0.79736	-0.72890	-0.93428	-0.52352	1.01683	0.33223	0.87991	0.57184	-0.42083	-0.38660	-0.14699	-0.93428
-0.50845	0.33675	2.99632	0.82134	-0.15910	-0.33941	-0.90287	-0.91414	-0.76764	0.07756	0.88895	0.87768	0.13391	-0.23798	-0.47464	-1.08318	-0.74510
-1.79616	-0.83620	1.98238	0.96115	-0.10092	-0.09071	-0.13156	-0.43793	-0.87705	-0.51962	1.82920	0.66500	0.41990	0.33821	-0.15198	0.10332	-1.35703
1.32204	0.50071	-0.61929	-1.57129	-1.08596	-1.42196	-0.63796	-0.63796	0.70604	1.41537	1.73270	0.76204	-0.74996	0.07137	0.59404	-0.02196	-0.35796
-0.85912	0.05225	1.63273	1.69041	-0.21308	-0.54764	-0.82451	-0.68607	-1.15906	0.16762	1.70195	1.17128	0.27144	0.13301	-0.35152	-1.02063	-1.15906
0.01725	0.17391	2.60813	1.23034	0.12972	0.06947	-0.56921	-0.58528	-1.25208	-0.25992	1.01343	0.04135	-0.30812	0.64790	-0.22376	-1.34045	-1.39267
-0.73393	0.17702	2.03346	0.00111	-1.01350	-0.21249	-0.44180	-0.79047	-0.76534	0.86808	2.51721	0.59165	-0.25019	-0.04601	-0.47321	-0.83131	-0.63027
-1.13943	0.83846	2.34284	0.21885	-0.42241	-0.10584	-0.59558	-0.89050	-1.05826	0.73564	1.87746	0.50024	-0.15454	0.01592	-0.45759	-0.83098	-0.87427
-1.56555	-1.35378	1.26035	1.30998	1.36954	0.82025	-0.41402	-0.82102	-1.31738	-0.80448	-0.00701	1.04857	0.36029	0.68789	0.10219	0.25110	-0.92691
-1.12876	0.04777	-0.33749	-0.86204	-1.18803	-0.91835	-1.19692	-1.10801	-0.61014	1.04351	1.26874	1.00795	0.13667	0.39154	0.69382	0.93090	1.82885
-0.14428	0.03157	0.43816	-0.50920	-1.08859	-0.93713	-1.13331	-0.68200	-0.21747	3.18468	0.84374	-0.12700	-0.28659	-0.16664	-0.25813	0.34363	0.70854
-0.95899	-0.66293	1.50320	-0.01161	-0.80602	-0.57905	-0.62839	-0.72708	-0.79122	0.56076	2.45058	1.57722	0.35352	0.26964	-0.37674	-0.66293	-0.50997
1.90950	-0.16517	-1.47079	-1.16674	-0.57653	-0.71961	-0.93424	-1.13097	-0.14729	0.74697	1.65911	1.37295	0.28195	-0.11152	-0.27249	0.08522	0.63966
-1.67799	-0.89402	1.68061	0.96791	1.64498	0.80755	0.37993	-1.01874	-1.08110	-0.47531	0.49575	0.21957	0.70956	0.18394	-0.06551	-0.72475	-1.15237
1.03528	0.61465	2.09790	-0.42583	-0.55866	-0.29300	-0.42583	-1.13425	-1.11211	-0.31514	1.41162	1.01314	0.65893	-1.75411	-0.27086	-0.18231	-0.35942
-0.07174	-0.06536	2.16952	0.89245	-1.15087	-1.17641	-1.52122	-1.45098	-0.78690	0.50294	1.46075	0.22837	0.16452	0.06874	0.01127	0.30500	0.41993
-0.02906	-0.14401	0.64202	-0.56343	-1.19101	-1.68189	-1.56694	-1.06674	0.01444	2.10844	0.53328	0.98998	0.39036	0.02065	0.02376	0.31891	1.20125
0.56053	-1.22931	-1.36376	-1.00243	-1.22091	-1.10327	-1.11167	-0.54867	0.47650	1.19916	1.64452	1.07312	0.63616	0.42608	0.35886	0.37567	0.82943
0.45595	0.81787	1.73272	1.24010	-0.19752	-1.01184	-1.16263	-1.79599	-1.17269	-0.19752	1.03904	1.13957	0.63691	-0.03666	-0.49912	-0.54938	-0.43880
-1.20072	-0.68221	1.98439	0.66167	-0.28011	-0.48116	-1.33828	-0.67163	-0.26952	1.10611	1.36007	1.67752	0.22782	-0.42825	-0.38592	-0.60814	-0.67163
-1.15269	-1.33599	2.00022	0.38710	0.46959	0.48792	-0.50194	-1.02437	-1.01520	0.16713	1.41363	1.36780	0.50625	0.35044	-0.51111	-1.04270	-0.56610
-1.53564	-1.16185	1.14044	0.82619	0.51856	-0.24556	-0.44734	-1.14531	-1.04607	0.12823	1.35876	1.87149	1.10075	0.01576	-0.13971	-0.68882	-0.54989
0.57516	0.69477	2.78788	0.03694	-1.05447	-0.42654	-0.12752	-0.84516	-0.39664	-0.33683	1.17320	0.91903	0.05189	-1.35348	-0.69565	-0.69565	-0.30693
-1.92967	-0.64609	0.81917	2.03956	1.64856	0.85077	0.02137	-0.13266	-0.35383	-1.13978	0.70464	0.46372	-0.56315	0.03322	-0.56710	-0.70533	-0.54340
-0.37219	0.60535	3.19754	1.17923	-0.22143	-0.41110	-0.76613	-0.93148	-0.61050	0.26491	0.20655	0.38163	-0.05121	-0.45973	-0.58618	-0.75154	-0.67372
-0.26399	-0.36408	3.15605	0.65359	-0.51423	-0.09715	-0.71443	-0.44750	-0.66438	0.01963	1.30423	0.21982	-0.14720	0.21982	-0.39745	-1.18156	-0.78116
-1.09562	-0.68543	-0.32082	1.22878	0.62109	-0.01698	-0.65505	-0.74620	0.05898	1.12243	1.74531	1.33512	0.92493	-0.76139	-1.08043	-1.62735	-0.04736
-0.57190	-0.22350	2.33138	0.29462	1.31895	-0.69101	-0.28008	-0.87860	-0.98282	0.63706	1.21473	1.22664	-0.22946	-0.53616	-0.72972	-0.99175	-0.90838
-1.29464	-0.65280	1.69716	0.23749	0.24784	-0.65280	-1.46028	-1.58450	-1.16006	1.03462	0.71370	1.22096	0.48595	0.68264	-0.09378	0.80687	-0.22836
-0.89043	-0.41460	1.90506	0.44784	-0.71199	-0.41460	-0.65251	-0.94991	-0.74173	0.18018	1.69688	2.11323	0.38836	-0.23616	-0.35512	-0.74173	-0.62277
-1.27583	-1.47021	1.26726	0.70033	-0.49833	-0.72510	-0.41734	-1.30823	-0.04478	0.02001	1.88278	0.92710	1.26726	0.82991	0.03621	-0.74130	-0.44973
0.07070	-1.24883	-0.94834	-0.96140	-0.88302	-0.45188	-0.32124	-0.53027	-0.08607	2.42234	1.22039	1.41636	-0.71318	-0.63479	0.42345	0.48877	0.73700
-0.95761	0.67673	0.75354	-0.52236	-0.65037	-0.29193	-0.84666	-0.94054	-0.67171	2.19158	2.29826	0.58712	-0.07857	-0.08710	-0.49675	-0.66744	-0.29619
0.25246	-0.40562	1.74028	0.10940	0.30968	-0.66312	-0.74896	-0.83480	-1.06369	1.94057	1.31110	1.28249	-0.23395	-0.60590	-0.86341	-1.17814	-0.34839
-0.84771	0.59053	2.75744	0.66372	-0.66634	-0.41496	-0.72361	-0.95908	-0.80953	0.42189	1.44648	0.70508	0.04960	-0.25905	-0.58042	-0.85407	-0.51997
-0.21790	-0.63237	2.60565	0.48151	-0.50285	-0.91731	-1.17635	-0.81370	-0.34742	1.05140	1.33635	1.05140	0.14476	-0.16609	-0.71008	-0.68417	-0.50285
-0.30074	-0.67302	2.30520	0.24527	-0.52411	-0.32556	-0.72266	-0.97084	-0.82193	0.66718	2.03220	1.01464	0.49345	-0.27592	-0.64820	-0.97084	-0.52411
-0.48877	0.70319	1.78448	-0.43805	-0.27666	-0.55794	-0.89915	-1.24268	-0.81846	1.97122	1.79139	0.55102	-0.32969	-0.38272	-0.64324	-0.63632	-0.08761
-0.62943	-0.50907	2.62038	1.56720	0.29737	-0.83405	-0.63545	-0.68359	-1.05672	0.61031	0.92326	0.50800	0.14090	-0.08779	-0.51508	-0.82803	-0.88821
0.03871	-0.16376	2.56953	1.53189	-0.21438	-0.66992	-0.84708	-1.07486	-0.94831	1.10165	0.79795	0.16525	0.16525	-0.44215	-0.26499	-0.69523	-1.04955
-0.33975	-0.57144	1.39792	0.18983	-0.52179	-0.60453	-0.62108	-0.88587	-0.68728	1.56342	2.07644	1.53032	0.22293	-0.48869	-0.67073	-1.10101	-0.48869
-0.57532	0.05358	1.91857	0.16201	-0.57532	-0.48857	-0.57532	-0.77049	-0.66206	0.20538	2.02700	1.48485	1.00776	-0.87892	-0.64037	-0.98735	-0.70543
-0.09105	0.13117	2.42235	1.15032	0.03155	0.19247	-0.10638	-0.94162	-1.40906	-0.25963	1.49515	0.90511	-0.64277	-0.47419	-0.46653	-0.90331	-1.03358
-0.92964	-0.32408	2.47811	0.53082	-0.27659	-0.07473	-0.65655	-1.09587	-0.77528	-0.30033	1.21950	1.58758	0.69706	0.03213	-0.32408	-0.94151	-0.84652
0.09612	-0.28617	1.24299	1.31046	-0.83337	-0.53353	-1.22315	-1.59045	-0.67595	0.65832	1.88764	1.46038	-0.06879	0.07364	-0.07628	-0.71343	-0.72842
-0.45461	-1.19909	2.07425	1.21160	0.40804	-0.71459	-0.83867	-0.96866	-0.67323	0.60893	1.12297	1.32977	0.71528	-0.34235	-0.65550	-0.94502	-0.67914
-0.00072	0.64591	3.17142	0.74351	-0.91576	-0.59854	-0.87915	-0.56194	-0.68395	-0.52534	0.63371	0.75571	0.10909	-0.58634	-0.59854	-0.30573	-0.40333
-1.08144	-0.01462	1.76686	0.29610	-0.37713	-0.23213	-0.89501	-1.00894	-0.82251	0.53432	2.55403	0.91755	-0.16998	0.29610	-0.40821	-0.87429	-0.48071
-1.02815	-0.46501	2.30286	1.28284	0.03969	-0.43845	-0.61376	-1.00690	-0.92189	-0.10906	1.70785	0.88439	0.45938	-0.05594	-0.52876	-0.74127	-0.76783
-0.65148	0.62548	2.42299	1.65302	0.06156	-0.36681	-0.70028	-0.97140	-1.00935	-0.32343	0.94811	0.85593	0.25676	-0.29632	-0.76535	-0.84397	-0.89549
-0.33032	0.14806	2.73129	0.84722	0.26581	0.29525	-0.72038	-1.08100	-1.06628	-0.02121	0.93554	0.85458	0.25845	-0.13897	-0.86757	-1.19140	-0.91909
-0.99931	0.02614	2.25649	1.73522	0.51323	0.52177	0.31668	-0.04222	-0.52077	-1.66585	0.08596	0.42777	0.34232	-0.23022	-0.61477	-1.35821	-0.79422
-0.07722	0.78047	3.08223	0.93800	-0.65485	-0.27852	-0.56733	-0.75988	-0.39229	-0.84739	-0.06847	0.91175	0.38663	-0.19975	-0.78613	-0.79488	-0.67236
0.28473	-0.67987	1.81419	1.67515	0.88435	0.36294	-0.64511	-1.63579	-0.87106	-0.61035	1.05815	0.76269	0.09355	0.14569	-0.99272	-0.54952	-1.09700
-0.32517	0.08890	2.49052	0.85494	0.08890	0.50298	0.06820	-1.02909	-1.13261	-0.71854	1.45534	0.81353	0.17172	-1.23613	-0.57361	-0.69783	-0.82205
-0.82044	0.18238	2.35362	0.15478	-0.47083	-0.51683	-0.76524	-0.93084	-0.38803	1.13920	1.31400	1.51641	0.16398	-0.47083	-0.93084	-0.64564	-0.88484
0.31166	-1.14157	0.88690	-0.38468	-0.89936	-0.53606	-1.02047	-1.23240	-0.35440	0.79607	2.52178	0.82635	1.25021	-0.23330	-0.38468	-0.62688	0.22083
-0.16842	-0.72259	2.69479	0.97070	0.04709	-0.23000	-0.56866	-1.43070	-0.66102	-0.38393	0.87834	0.78598	0.93992	0.13945	-1.12283	-0.59945	-0.56866
-0.88071	-0.22823	1.93116	0.92914	0.01257	-0.68652	-0.81857	-0.98945	-1.02441	0.92137	1.50783	1.41073	0.51746	-0.34474	-0.44184	-1.09043	-0.72536
-1.63390	-1.21645	0.02861	0.39161	-0.20007	-0.62115	-0.44328	0.09395	0.29723	0.83083	2.90715	0.85624	0.34442	-0.09481	-0.16377	-0.69374	-0.68285
-0.74023	-0.93346	1.16789	0.99882	0.20175	-0.52285	-0.57116	-0.59531	-0.45039	-0.18470	1.74758	1.89250	1.14374	-0.59531	-0.95761	-1.29576	-0.30547
-1.17755	1.63618	-0.09644	-0.60120	-0.74081	-0.39357	-0.85894	-0.96992	-0.59404	0.67321	2.55619	1.12785	-0.32555	0.49422	-0.38283	-0.25754	-0.08928
-0.36372	-0.00345	2.52620	2.00458	-0.02002	-0.32614	-0.82566	-0.84776	-1.16825	-0.20458	0.94807	0.29383	-0.14380	0.16122	-0.36924	-0.77704	-0.88423
-0.44288	-0.01128	-0.80254	-0.39492	-0.41890	-0.20310	-0.82651	-0.97038	-0.58674	1.18759	2.45839	1.47531	1.45134	-0.20310	-0.63470	-0.70663	-0.37094
-0.80960	-1.33011	-1.09988	-0.69950	-0.70951	-0.41923	0.03121	-0.40922	-0.13896	1.19233	2.37346	1.51263	1.19233	0.03121	-0.28910	-0.39921	-0.02885
-0.50737	0.47983	2.55011	1.16240	-0.85712	-0.60891	-0.99250	-1.23507	-0.92481	0.44598	1.07778	0.72803	0.54188	-0.15198	-0.50173	-0.59763	-0.60891
-1.74810	-0.33014	0.86968	0.39372	0.12599	-0.95484	-1.30189	-0.34005	-0.77635	2.30747	1.02833	1.42496	-0.23098	-0.30039	-0.16157	-0.02275	0.01692
0.60885	-0.83078	0.83224	0.83224	-0.75632	-0.48328	-1.84845	-1.05417	-0.60739	0.41028	1.37830	1.67616	0.41028	0.60885	-0.35918	-1.40167	0.58403
-0.72155	-0.48686	2.78311	1.75049	-0.62767	-0.01749	-0.59638	-0.58074	-0.11136	0.51447	0.67093	0.23285	0.09203	-0.56509	-0.58074	-1.30044	-0.45557
0.62334	-0.01647	2.58274	0.42340	0.58335	0.90325	-0.65627	-0.93618	-1.13612	0.14349	0.34342	0.78329	0.06351	-0.29638	-1.53600	-1.09614	-0.77623
0.96058	0.56132	-0.03758	-0.19728	-1.99397	-1.23537	-0.59655	-1.07566	0.32176	0.76095	1.91881	1.16021	0.84080	-0.67640	0.40161	-0.39691	-0.71633
1.58028	-1.10342	-1.39542	-1.04780	-0.43597	-0.38035	-0.47768	-0.51940	-0.38035	0.14805	1.52466	2.26163	0.55130	-0.10224	-0.40816	-0.29692	0.48177
3.00397	1.52214	-0.56691	-0.82317	-0.16581	-0.68390	-1.00143	-0.54463	-0.47778	0.31327	0.39127	0.13501	-0.17138	-0.69504	-0.77860	0.04588	0.49711
-0.69963	-1.73334	-1.50758	-0.77686	-0.83627	-0.55110	0.01328	-0.11742	0.22715	1.46879	1.99159	0.88659	1.05887	-0.11742	0.10239	-0.11148	0.70242
1.47815	0.59634	-1.09719	-1.41254	-1.06215	-0.71760	-0.91616	-0.41978	-0.19203	0.11748	1.14528	0.42115	-0.72928	0.47371	-0.24458	0.28684	2.27236
-0.22859	0.63285	2.60459	1.05400	-0.68803	-0.70717	-0.82203	-1.51118	-0.28602	0.57542	0.95828	0.74771	0.15427	-0.45831	-0.86032	-0.28602	-0.87946
-0.62618	-0.47213	2.80150	1.87718	-0.36429	-0.27956	-0.69551	-0.97280	-0.73402	0.07476	0.78341	0.35206	-0.05618	0.02855	-0.31037	-0.71861	-0.68780
-0.87895	0.35594	2.70222	1.24281	0.49065	0.07528	-0.54216	-1.37290	-0.93508	0.58046	0.55801	0.38962	-0.17170	-0.14924	-1.20451	-0.54216	-0.59829
-0.77436	-0.43797	2.66132	1.95490	0.57121	0.13390	-0.38863	-0.79006	-0.95826	-0.39984	0.64521	-0.39984	0.18996	0.03522	-0.42900	-0.86631	-0.74745
-0.42776	0.45695	2.70110	0.39222	-0.68670	-0.34145	-0.16882	-0.31987	-0.10408	-1.09669	0.56484	0.69431	1.53587	-0.98880	-0.29829	-0.66512	-1.24774
-0.11019	-0.41726	1.76297	1.30236	-0.23302	-1.00070	-1.09282	-0.69363	-0.47867	-0.20231	1.42518	1.42518	1.21023	-0.50938	-0.66292	-1.24636	-0.47867
-1.20921	0.62909	2.79112	0.64065	-0.22647	-0.29584	-0.75831	-0.87393	-0.88549	0.43254	1.06843	0.88345	-0.30740	-0.61957	-1.02423	-0.04149	-0.20335
-0.37687	-0.28891	-0.83137	-0.67009	-0.55281	-0.56747	-0.46484	-0.69942	-0.80204	1.48507	2.52601	1.39711	1.19185	-0.17162	-0.50882	-0.64077	-0.02501
-0.76627	0.20831	2.45661	0.69078	-0.49609	-0.91101	-0.97856	-0.91101	-0.77592	0.96096	1.71361	0.72938	-0.29345	0.02497	-0.57328	-0.50574	-0.57328
0.92213	0.30992	2.57041	0.80440	-0.70848	-0.70848	-1.00282	-1.09112	-0.48479	0.06268	0.96923	1.05164	-0.23166	-0.67316	-1.23240	-0.01974	-0.53777
-0.83136	1.02493	2.35386	0.43429	-0.00869	-0.38838	-0.76807	-0.81026	-0.66260	0.62414	1.21477	1.32024	-0.19853	-0.83136	-1.02120	-0.36729	-1.08449
