-1.49391	-0.82181	-1.12649	-1.10857	-0.59777	0.64785	1.57087	1.09592	0.96150	-0.51712	-0.73219	-0.81284	-0.60673	0.48655	1.11384	1.09592	0.84500
-1.38564	-0.89396	-1.16215	-0.99081	-0.14154	0.52148	1.57188	2.05611	1.07275	-0.31289	-0.69282	-0.94611	-0.44698	-0.08195	0.64812	0.53638	0.64812
-0.21050	-0.36441	-0.92235	-0.92663	0.19352	-1.01855	0.41157	0.23628	-0.09293	3.45564	0.36026	-0.17202	-0.72568	-0.20622	0.16573	0.12084	-0.30456
-0.96489	-0.94733	-0.84196	-0.85952	-0.75415	-0.24484	1.26552	2.33682	1.59920	-0.06922	-0.31509	-0.70146	-0.61365	-0.56096	0.24691	0.47521	0.94940
-1.02006	-1.62852	-1.39190	-0.54682	-0.51301	1.07574	1.44757	1.65039	0.83911	-0.71583	-0.41160	-1.05386	0.39967	0.39967	0.60249	0.06164	0.80531
-1.29288	-1.07937	-1.04379	-1.20985	-0.65237	0.01186	1.17426	1.76732	1.82663	0.61678	0.01186	-0.15420	-0.65237	-0.48631	-0.35584	0.75912	0.75912
-0.85589	-1.15043	-1.39588	-1.05225	-0.68899	-0.09009	1.03897	2.00113	1.49060	-0.12937	-0.60063	-0.74790	-0.14900	-0.14900	0.68552	1.03897	0.75425
-0.35455	-0.10600	-1.47302	-0.47882	-0.64452	0.63965	1.88239	1.57170	1.38529	-0.54096	-0.85164	-1.61800	-0.35455	-0.37526	0.26682	0.22540	0.82606
-1.21582	-1.45476	-1.27907	-1.26501	-0.46384	0.46384	1.86941	1.49693	0.68873	0.34436	-0.23895	-0.55520	-0.70981	0.31625	0.47789	0.60439	0.92065
-1.35876	-1.04049	-1.30089	-1.09835	0.69555	0.77271	1.51534	2.06509	0.70519	-0.16282	-0.39430	-0.61612	-0.78973	-0.30749	0.09758	0.64733	0.57017
-1.54126	-1.10426	-1.17864	-1.21583	0.67163	0.14166	0.05797	1.91755	1.86176	0.03008	-0.89971	-0.47200	0.13236	0.14166	0.45778	0.76461	0.23463
-1.59764	-1.44301	-1.46510	-0.70299	0.03703	0.50093	1.02005	1.00900	1.52812	0.33525	-0.96807	-0.78030	-0.11760	-0.00715	0.89855	1.05318	0.69974
-1.51473	-0.32149	-0.99913	-0.86655	2.09445	0.48873	1.56412	1.32842	0.42981	0.68024	-0.99913	-0.96967	-0.29203	-0.07106	-0.43934	0.20884	-0.32149
-1.36982	-1.25043	-1.35192	-0.96390	-0.57588	0.30760	1.39405	1.71044	0.98216	-0.46246	-0.57588	-0.67736	0.05092	0.06286	0.71353	1.07767	0.92843
-1.45763	-1.29567	-1.10334	-1.01224	-0.25306	0.54661	1.41714	1.19444	0.71869	-0.45551	-0.91102	-0.74906	-0.32392	0.92114	1.00212	1.39689	0.36441
0.06828	0.36415	-1.02418	-1.36558	-1.33144	-0.94452	-0.13656	1.69559	1.50214	1.50214	0.62589	-0.37553	-0.94452	-0.72831	0.36415	-0.14794	0.87625
-1.29071	-1.35026	-1.14185	-1.09719	-0.75481	0.55516	1.04640	0.86777	2.28195	-0.24869	-0.32312	-0.82924	0.12347	0.43608	0.48073	0.57005	0.67425
-0.62432	-0.09195	-1.12271	-1.04342	-0.95280	-0.59034	0.78023	1.67507	1.47118	1.53915	0.10061	-0.89617	-1.17935	-0.73759	0.06663	0.74625	0.85952
-1.55821	-1.37461	-0.95554	-0.97150	-0.75199	0.11410	0.48927	0.31765	0.37752	0.11410	-0.19322	-0.61629	-0.24910	1.69860	0.92431	2.04584	0.58905
-1.38950	-1.68414	-1.42317	-0.87599	0.05001	0.39516	1.01811	0.82449	1.25382	0.71505	-0.73288	-1.06119	0.10052	1.00969	0.25205	1.28749	0.26047
-0.89511	-0.73054	-1.30022	-0.71788	0.21894	1.13043	1.71278	1.86469	0.86458	-1.16096	-0.85713	-0.45202	-0.41405	-0.37607	0.11766	1.15575	-0.16085
-1.19589	-0.66203	-1.37625	-1.13096	-0.42395	0.26142	0.61492	2.15880	1.69708	0.05941	-0.53938	-0.46002	-0.95060	0.42735	0.58606	0.92514	0.00891
1.16196	-1.05585	-1.82470	-0.96714	-0.28701	0.12698	0.77754	1.90123	1.81252	-0.13916	0.30441	-0.46444	-0.49401	-0.84886	-0.46444	0.06784	0.39312
0.96886	0.90853	-1.14276	-1.67713	-0.79801	-0.74629	-0.04816	1.10677	1.33086	0.95163	-0.00507	-1.28928	-1.17724	-0.16021	-0.00507	1.31362	0.46897
1.41932	-1.28183	-1.15587	-0.40011	0.83150	0.71954	0.88748	1.40532	0.71954	-0.68002	-0.77799	-0.70801	-0.90395	-1.39380	-0.45609	0.53760	1.23737
-0.51452	-0.69195	-1.27744	-0.94034	-1.06453	-0.51452	0.99357	1.38389	2.00487	0.03548	-0.07097	-0.51452	-0.88711	-0.69195	0.42581	1.18873	1.13550
0.32385	-0.78405	-1.56810	-1.43175	-0.01704	0.00000	0.28976	2.57373	0.76701	0.63065	0.03409	-1.07381	-1.10790	-0.05113	0.59656	0.44316	0.37498
1.51620	-0.45624	-1.52603	-1.72662	-1.59289	-0.72369	-0.28908	0.51327	1.38248	0.44640	0.17895	-0.02163	-0.22222	0.04523	0.81415	0.31268	1.34904
-1.13878	-1.01612	-0.90047	-0.66917	-0.46941	-0.07339	1.14620	1.87865	0.71514	1.44409	0.24553	-0.97757	-1.06869	-0.87594	0.01422	0.48734	1.25835
-1.13289	-0.81416	-0.72684	-0.00642	1.49117	1.08948	-0.03262	-0.54346	-0.98880	-1.32500	-0.95388	-0.63951	-0.14177	0.85371	1.22483	1.41258	1.23357
-0.21862	0.26751	-0.68907	-0.62635	-0.99487	-0.96350	-0.32055	2.00818	2.18068	0.51058	0.10285	-0.56362	-0.88509	-0.98702	-0.44601	0.40081	1.22410
-0.51926	-0.87977	-0.91068	-0.75102	-0.66347	-0.75617	0.74254	2.40605	2.07129	0.34082	0.10906	-0.29265	-0.48836	-0.92098	-0.27205	0.04726	0.73739
-1.05980	-1.09261	-0.60048	-1.24259	-1.26602	-1.30821	0.86184	1.03057	0.79154	1.05870	0.23380	-0.26771	-0.62860	-0.07554	0.90871	1.20399	1.45240
-1.47399	-0.79084	-0.65155	-1.32144	-1.14899	-0.36635	0.40966	0.94026	1.26526	2.06780	-0.41941	-0.41278	-0.16074	-0.34645	0.54894	1.17904	0.68159
-0.97243	0.59023	-0.47896	-1.24658	-1.54815	-0.86277	0.69989	1.65942	1.41269	1.41269	0.48057	0.09676	-1.27400	-0.47896	-0.28705	0.23383	0.56282
-1.27558	-1.30034	-1.33334	-1.23432	-1.15181	-0.61546	0.67177	0.62226	1.36489	0.75428	0.20143	0.25094	-0.07087	-0.23590	0.55625	1.29063	1.50517
-1.05678	-1.21085	-0.81284	-0.99900	-1.31036	-0.50148	1.28959	1.67797	1.24144	0.41973	-0.03606	-0.63309	-0.73580	0.05381	0.41331	1.26712	0.93330
-0.46828	0.00557	-1.58184	-2.03200	-0.79998	-0.30243	0.40835	1.33237	1.94837	0.19512	-0.30243	-0.25504	-0.18397	-0.04181	-0.01812	1.40344	0.69266
3.23773	0.86637	-0.18962	-0.54162	-0.31931	-0.04141	0.06975	0.36617	-0.24520	-1.00478	-0.81951	-0.61573	-0.72688	-0.68983	-0.50457	0.84785	0.31059
-0.58980	-0.97933	-1.25344	-0.56095	-0.76292	-0.04158	0.99715	1.60308	1.77620	1.50209	0.05940	-0.38783	-0.33012	-1.61411	0.26138	-0.20028	0.52106
-1.28602	-1.02272	-1.50071	-1.03892	-0.03431	0.00620	0.50445	1.88173	0.58141	0.07911	-0.73511	-0.83233	-0.40699	0.28975	0.85282	1.52526	1.13638
-1.20180	-1.10214	-1.65028	-0.70349	-0.17197	0.55889	1.20669	2.35279	0.94092	-0.48756	-0.80315	-0.60383	0.14363	0.34295	0.39278	0.55889	0.22668
-0.21421	-0.53870	-0.46659	-0.82714	-1.12760	0.32662	1.67267	2.11735	1.24001	-0.51467	-1.66843	-0.63485	-0.41852	-0.32237	0.18240	0.80735	0.38671
0.80899	-1.42791	-0.82036	-0.35089	-0.26804	0.20143	1.52701	1.91363	0.22905	-0.43373	-0.70990	-1.56599	-1.01367	-0.48897	0.75376	0.91945	0.72614
-0.52341	-1.00321	-1.33034	-0.92687	-0.42527	1.04682	1.48300	1.75561	1.14496	0.76331	-0.86145	-1.16677	-0.88326	0.02181	0.31623	0.78512	-0.19628
0.46467	-0.63364	-1.71386	-0.90521	-0.68796	-0.37415	1.61127	1.45437	0.51295	-0.31984	-0.52502	-1.30350	-0.54312	-0.30777	1.03797	1.14056	1.09228
-1.19286	-1.14464	-0.99396	-1.00602	-0.66246	0.17532	1.03420	1.30844	0.36819	-0.55699	-0.67753	-0.61425	-0.20138	0.10601	0.76599	2.22759	1.06434
-0.14239	-0.25569	-0.58530	-0.80161	-0.72950	-0.34839	0.76404	2.09278	2.04128	0.44473	-0.66770	-0.94581	-1.28572	-0.75010	-0.39989	0.79494	0.77434
-0.99469	-1.29062	-0.87058	-1.07424	-0.36781	0.04268	1.83420	2.04104	0.93367	-0.03369	-0.42509	-0.81649	-0.60647	-0.38691	0.34816	0.73956	0.92730
-1.08587	-1.03498	-0.87667	-0.89364	-0.84275	-0.00599	1.25482	2.64000	0.89862	0.22582	-0.28868	-0.69010	-0.75229	-0.15864	0.71205	0.51416	0.38413
-1.11647	-1.24691	-1.00185	-1.15995	-1.13228	-0.34573	0.31434	0.66217	0.90722	1.21947	0.14438	-0.03348	-0.57498	-0.10858	0.23924	2.30642	0.92699
-0.14081	-1.39266	-1.17806	-0.87660	-0.64411	-0.95579	0.38036	1.34608	0.58986	1.32308	0.19131	-0.57002	-1.00944	-0.66710	0.74570	1.29754	1.56068
-0.94301	-0.96956	-0.95628	-0.83685	-0.63778	0.29118	1.52537	2.16237	0.62295	-0.86339	-0.61124	-0.71741	-0.41218	-0.23966	0.29118	0.92818	1.36612
-1.15354	-0.91849	-1.15354	-0.51554	-0.88491	-0.38122	1.06268	2.00290	2.03648	0.29036	0.52542	-0.34764	-0.61628	-0.75059	0.76047	-0.04543	0.08889
-1.23773	-1.34831	-1.12189	-1.09029	-0.95602	-0.40840	0.47886	0.60260	0.64210	1.28450	0.03655	0.21032	-0.64008	-0.16618	0.46043	2.11647	1.13707
