-1.10658	-0.61428	0.88500	1.28034	2.04117	1.07894	-0.59190	-0.86789	-1.17372	-1.00216	0.01974	0.88500	0.71344	0.43746	-0.18165	-0.80822	-0.99470
-0.33677	-0.25877	0.38082	1.16081	1.25441	1.80040	0.64601	-0.63317	-1.08556	-1.67835	-0.83596	-0.16517	1.12961	0.73961	-0.05598	-1.13236	-0.92956
-1.11905	-0.79778	0.51025	1.33638	1.70355	1.15280	0.39551	-0.26998	-1.18789	-1.50917	-0.79778	-0.13229	1.12985	0.99216	0.00540	-0.66009	-0.75188
-0.70615	0.12617	1.72678	1.79081	0.86245	1.34264	0.19019	-0.86622	-0.93024	-0.83420	-0.35402	-0.19396	0.70239	0.31824	-0.73817	-0.96225	-1.47445
-0.64054	-0.85859	0.85859	2.27596	1.55365	1.39011	0.16354	-0.50425	-0.92674	-1.00851	-0.62691	-0.42248	0.43611	0.23168	-0.13628	-0.94037	-0.84497
-1.64677	-1.61786	-0.16269	0.34806	2.11160	1.07082	0.61789	-0.25906	-0.76981	-1.32875	-0.27834	0.11678	0.84918	0.77208	0.71426	-0.11451	-0.42289
-0.88064	-0.62014	1.86223	1.20333	1.34124	1.41785	0.16135	-0.74273	-1.04919	-0.95725	-0.43626	0.05408	0.60572	0.65169	-0.58950	-0.74273	-1.27904
-1.11583	-1.37589	0.01620	0.70459	2.41793	0.91876	0.24566	-0.64160	-0.58041	-1.48297	-0.41214	0.70459	1.14822	0.45983	-0.13678	-0.24386	-0.62630
-1.32845	-0.31438	0.83673	1.63155	-0.42401	0.31599	-0.61586	-1.49290	-0.45142	-0.20475	0.67229	1.49451	1.38488	0.91895	-0.78030	-1.16401	-0.47882
-1.76320	-1.06307	-1.98199	-0.49421	0.68726	0.84042	0.29344	0.92793	0.46847	-0.60361	-0.73488	0.07465	1.49679	0.40283	0.07465	1.38739	-0.01287
-1.81912	-0.04586	2.81276	0.67262	0.35924	-0.19108	-0.15287	-0.07643	-0.47389	-0.12229	0.58090	1.29937	-0.34395	-0.42803	-0.51211	-0.57325	-0.98599
-1.31906	-1.03499	-0.04073	0.63394	1.71697	1.87676	-0.52010	-0.83969	-0.73316	-0.91070	0.29661	1.02454	1.13107	0.52741	-0.25379	-0.73316	-0.82193
-0.53322	-0.61812	2.29658	1.68346	0.28742	-0.08046	-0.75018	-0.99543	-1.09919	-0.55209	0.67416	1.19296	0.78735	-0.14648	-0.61812	-0.75961	-0.76904
-0.44788	-0.82160	0.11080	0.97149	0.45810	-1.20287	-1.49731	-1.86348	-0.69325	0.83181	0.30710	2.01714	0.86956	-0.02509	-0.16099	0.46942	0.67704
-0.55181	-0.65137	2.35754	1.14070	0.37741	0.51016	0.16723	-0.45225	-0.18676	-1.07173	-1.95670	1.16283	0.65397	0.15617	-0.46331	-0.72880	-0.46331
-1.27887	-1.59422	0.34241	0.63180	1.97668	-0.97465	-0.09351	-0.66671	-1.23806	-0.38475	0.29047	0.93416	0.00480	0.57058	1.64649	0.30902	-0.47565
-1.62991	-1.33230	0.17743	1.00825	1.63447	-0.71539	-0.56968	-0.70144	-1.14010	-0.74329	0.36189	1.45001	0.79900	1.01135	0.53859	0.41149	-0.56038
-0.31637	-1.02006	-0.49229	0.06061	1.87010	1.97063	1.46799	0.21140	-0.06505	-1.59809	-0.61795	-0.26610	0.43759	0.21140	-0.64308	-0.03992	-1.17085
-0.06999	0.28558	2.70615	1.37278	-0.39136	-0.48709	-0.75376	-0.91103	-0.35717	-0.97257	-0.97257	1.20184	0.82576	-0.01528	-0.53495	-0.63068	-0.29563
0.07492	-0.46774	2.38952	1.66966	0.48468	-0.09120	-0.95502	-0.99932	-0.93288	0.05277	0.82799	0.92766	-0.01368	-0.27947	-0.73353	-1.27619	-0.67816
-1.53560	-0.13771	1.83281	1.31071	0.58650	-0.01981	-0.69350	-0.32297	-0.89560	0.06440	1.05808	1.20966	0.92334	-0.22192	-1.06402	-1.04718	-1.04718
-1.64919	-1.43639	0.15960	0.85119	1.82652	1.64919	0.78026	0.67386	0.17733	-1.02852	-0.31920	-0.90439	0.46106	0.19506	-0.17733	-0.99306	-0.26600
-0.89082	-1.71441	-1.76483	-0.31935	1.47910	0.30254	1.42867	0.99167	0.23531	-0.95805	-1.09251	0.11766	1.02528	0.43701	0.55466	0.11766	0.05042
-0.92868	-0.27826	1.70258	1.00781	1.45128	-0.38173	-0.72173	-0.20434	-0.95824	0.71216	1.08172	1.09650	0.44608	-0.78086	-0.88433	-1.46084	-0.89912
-2.17394	-0.94788	-0.69766	-0.72268	0.90372	2.25489	0.62848	0.60346	0.82866	-0.37238	-0.62260	0.20312	1.02883	0.10303	-0.27229	-0.24727	-0.49749
-1.45786	-0.19207	1.49086	1.97992	0.36891	-0.00508	0.35452	-0.00508	-0.40783	-1.45786	-0.98319	0.16753	1.60594	-0.03384	-1.05511	0.25384	-0.62359
-1.51351	-1.43761	0.83176	1.78049	-0.46611	-0.12456	-0.18528	-0.48888	-1.10366	0.17144	1.46172	0.78622	0.78622	0.93043	0.32324	-0.60273	-1.14920
-1.05606	0.18771	2.73178	0.79703	-0.25829	-0.68544	-0.67916	-0.92414	-0.61006	0.23168	0.85357	0.65884	1.16765	-0.08868	-0.51584	-1.03721	-0.77338
-1.48932	0.14778	1.61507	1.25804	1.44091	0.03893	-0.35293	-0.94071	-1.45448	-1.31080	0.06070	0.76169	0.84877	0.71815	-0.17006	-0.34857	-0.82316
-1.50453	-0.88809	1.38564	1.74943	1.38564	-0.08976	0.01129	-0.45356	-1.14073	-0.76683	0.09214	0.75910	1.14311	0.47615	-0.56472	-0.45356	-1.14073
-0.21165	-1.28939	1.54590	2.19255	1.26403	0.00390	0.08680	-0.32771	-0.36087	-0.52668	0.35210	0.89926	0.16971	-0.65933	-0.69249	-0.99094	-1.45520
-0.80628	-1.11655	-0.40475	1.43863	2.53370	1.78540	-0.42300	-0.82453	-0.75152	-0.80628	-0.24049	0.19754	-0.00322	-0.11273	-0.13098	-0.22224	-0.11273
-1.91457	-1.53469	-0.42546	0.89650	1.04845	0.66858	0.16714	-1.32196	-0.33429	-1.32196	0.80533	0.82053	1.44352	0.51663	0.13675	0.00000	0.34948
-0.14587	-1.01456	0.99133	1.57573	0.65175	-0.69077	-0.73026	-1.19620	-1.00666	0.54119	1.29932	1.65470	0.49381	-0.29591	0.00418	-0.69077	-1.44101
0.71455	-0.57332	-0.93902	-0.90722	-1.43191	-1.20931	-0.71642	-1.08212	0.15806	1.35054	1.43004	1.71623	0.87355	0.23756	0.09446	-0.38253	0.66685
-1.71413	-0.69485	0.82709	1.02256	0.36632	-0.10842	-0.84844	-0.52730	-0.93222	-1.02996	0.05914	1.30182	2.04184	1.21804	-0.42956	-0.06653	-0.48541
-1.26337	-1.11770	-1.02269	0.17436	2.85981	1.21307	0.33903	-0.26899	-0.71868	-0.73135	-0.64268	-0.19932	0.32003	-0.00931	0.02235	0.31370	0.73172
0.42834	0.70091	-0.35046	-0.97349	1.47971	-1.59653	-0.03894	-0.23364	0.07788	1.12925	0.89561	0.70091	0.38940	-0.27258	-2.49214	-0.38940	0.54516
-0.89228	-0.67383	0.54131	3.03985	0.86899	0.03614	-0.14135	-0.26423	-1.43841	0.18633	0.14537	0.36382	0.03614	0.51400	-0.87863	-0.59191	-0.85132
-0.11804	-1.87731	-1.17635	-0.46165	1.36635	0.12936	1.86114	0.56918	0.51420	-1.32754	-0.91521	0.23931	0.48671	-0.03557	0.47297	-0.80526	1.07772
-1.70369	-1.38729	0.14603	0.80317	0.43201	0.04259	-0.68148	-1.23518	-0.66322	1.29602	1.26560	1.88014	0.73624	-0.13995	-0.71190	-0.04868	-0.03042
0.61746	-1.04069	2.93887	0.99235	0.01187	-0.78115	-0.42069	-1.08395	-0.85325	0.02629	-0.42069	1.05002	0.51653	-0.17557	-0.43511	-0.39185	-0.55046
0.40045	0.28039	2.96986	1.52907	-0.05580	-0.16385	-0.54806	-0.81221	-0.94428	-0.35596	0.43647	0.35243	-0.16385	-0.52405	-0.98030	-0.77619	-0.64412
0.27234	-0.26187	3.21048	0.15363	-0.88511	-0.84059	-0.66252	-0.97414	-0.66252	0.04975	0.65816	0.89558	0.48009	0.03492	-0.58833	-0.49929	-0.38058
-0.83259	-0.41277	-0.14288	0.75674	2.52600	0.81672	0.88669	-0.64267	-0.84259	-1.08249	-1.27241	-0.84259	0.78673	0.75674	0.58681	-0.48274	-0.56271
-0.36550	-1.19029	-0.14555	0.34933	0.95417	1.83396	0.67924	-1.02533	-0.86037	-1.30027	0.01941	0.51428	0.73423	0.95417	1.00916	-0.36550	-1.79514
-0.76693	-0.48101	-0.19510	0.94857	1.86349	0.63406	-1.05284	-0.36664	-0.50960	-0.73833	-1.39594	-0.25228	1.92068	1.23448	-0.85270	0.43392	-0.42383
-0.98580	-0.75452	-0.87016	1.27358	2.58118	1.62050	-0.27418	-0.90574	-0.75452	-0.28308	-0.41650	0.20616	0.08163	-0.49656	-0.54104	-0.15854	0.67761
-0.13859	0.92486	2.59366	1.17027	0.13955	-0.95662	-1.64377	-1.15295	-0.84210	-0.18767	0.33588	0.89214	-0.05678	-0.12222	-0.49852	-0.36764	-0.08950
0.52798	0.04135	2.64751	1.20925	0.16030	-1.15900	-0.73726	-1.61319	-0.72644	-0.65075	-0.83458	0.64693	0.75507	0.05216	-0.28307	-0.09923	0.06298
-1.66082	-1.78485	-0.17237	1.48662	1.19203	1.17653	-0.40494	-0.29641	-0.52898	-0.42045	0.41680	0.74240	0.81992	1.23854	-0.29641	-0.48247	-1.02513
-0.29053	-0.01401	0.01672	1.77573	1.43775	1.77573	0.71571	-0.02937	-0.63619	-1.63475	-1.35055	-0.42111	-0.26749	0.76180	-0.28285	-0.72068	-0.83590
-1.19833	-1.53506	-1.73709	0.83883	0.46844	1.84900	-0.22184	0.26641	0.55262	-1.34986	-0.72692	0.35059	0.83883	0.95669	0.55262	-0.05348	0.14855
-0.91509	-1.44380	-1.80984	-0.06101	1.42347	1.24045	1.13877	0.48805	0.28469	-1.46414	-0.38637	0.18302	1.38280	0.12201	0.38637	-0.12201	-0.44738
-0.79373	-0.71232	0.73268	1.56711	2.74753	0.69197	0.08141	0.02035	-0.87514	-0.63091	-0.85479	-0.14246	0.02035	0.14246	-0.18317	-0.56986	-1.24148
-0.78569	-0.80762	0.09160	0.88116	2.48221	1.45140	0.44251	0.48638	-0.52250	-0.36898	-0.54444	0.17933	0.63990	-0.43477	-0.50057	-1.48752	-1.20240
-1.22726	-0.74724	-1.83607	0.59917	1.53580	0.92699	-0.33746	0.64600	-0.94627	-0.98140	-0.44283	0.03719	0.59917	1.27823	1.44214	0.02548	-0.57162
2.43251	0.86131	-0.50931	0.99503	1.42961	0.42672	-0.07473	0.05899	-0.44245	-1.27820	-1.04419	-0.07473	0.42672	-0.97733	-0.57617	-0.60960	-1.04419
0.68469	-0.17337	0.53546	1.35621	2.21427	0.42354	-0.80758	0.68469	0.16239	0.23701	-1.81487	-0.28529	0.12509	-1.25527	-1.29257	-0.13606	-0.65836
1.68273	-0.35358	-1.13866	0.16163	1.80540	0.70138	-0.50078	0.60324	-0.32904	-2.24268	-1.04052	-0.15731	0.28430	0.45604	-0.45171	0.75045	-0.23091
-1.84045	-0.36077	1.56924	0.11101	0.45412	-0.78966	0.43268	0.06812	-0.96122	0.00378	1.09746	2.23402	0.00378	-0.08199	-0.78966	-0.03910	-1.11133
-0.01065	-0.23524	2.63755	0.88773	0.36479	-0.37938	-0.53023	-1.14367	-1.17384	1.28663	0.39161	0.25752	0.27428	-0.66432	-1.49565	-0.56375	0.09662
-0.97619	-0.11512	2.10279	0.74595	0.87642	-0.16730	0.17191	-0.76744	-1.26321	0.51112	0.45893	0.98079	1.18954	-0.32386	-0.79354	-1.34149	-1.28930
-1.05456	-0.57406	1.71244	0.83429	1.91127	1.34793	0.35379	-0.06043	-0.73975	-1.15397	-0.20955	0.35379	0.53605	-0.83917	-0.47465	-0.67348	-1.26996
-0.78256	1.23824	1.06984	1.29437	0.15299	-1.17550	0.02201	0.30268	-0.09025	-0.25865	1.59375	0.80788	0.34010	-1.30648	-0.29608	-1.69941	-1.21292
-1.56121	0.50435	-0.59988	-0.71679	0.10164	0.75118	2.01131	0.85511	-0.01528	-1.41831	-1.08054	-0.98960	0.01070	0.20556	0.85511	1.42671	-0.34006
0.40848	-0.43323	0.61890	0.95559	-0.30698	-0.26489	-0.93826	-0.13863	-0.05446	-1.44328	0.99767	1.79729	2.00772	-0.43323	-1.27494	-0.81200	-0.68574
-0.81842	0.27394	0.61889	0.99259	1.76874	0.70513	-0.55971	0.07271	-1.04840	-1.24962	-1.59458	-0.78968	0.50391	1.51003	-1.07714	0.64764	0.04396
-0.37770	-0.52640	1.92032	2.46103	0.92000	-0.05328	0.06838	-0.36418	-1.05359	-0.31011	-0.48584	-0.55343	0.78483	0.17653	-0.52640	-0.95897	-1.12118
1.30555	1.60266	2.55342	0.20623	0.14681	-0.53655	-0.98222	-0.80395	-0.83366	0.08739	0.14681	0.32508	-0.35828	-0.32857	-1.01193	-0.74453	-0.77424
-0.41517	0.64094	2.85621	1.25916	-0.28638	-0.41517	-0.64700	-0.90459	-0.72428	0.64094	0.74398	0.46063	-0.23486	-0.36366	-0.85307	-0.77580	-0.98187
-1.09329	0.55037	2.00437	1.43541	0.61358	-0.33468	0.42393	0.04462	0.04462	-1.72547	0.67680	0.92967	-0.08181	-0.77721	-0.39790	-1.09329	-1.21973
-0.26985	-1.01234	-0.27317	0.89691	0.73118	-0.44885	-0.61790	-1.36038	-0.85655	2.42829	0.36325	1.15214	-0.80020	0.03510	-1.23111	0.70135	0.56213
-0.71279	-0.60799	-0.22809	1.69759	2.94208	0.91160	-0.39839	-0.69969	-0.41149	-0.39839	-0.79139	-0.45079	-0.09709	-0.71279	-0.49009	0.08631	0.36140
-1.16680	0.15557	1.28560	0.10749	-0.13294	-0.92637	-0.92637	-1.40723	-0.42146	1.95881	1.11730	1.71838	0.17962	0.03536	-0.27720	-0.46955	-0.83019
